"EPC","Timestamp","ChannelInMhz","PeakRssiInDbm","PhaseAngleInRadians"
"E200 9366 C6B6 55F1 9071 BD57","1584858126866341","923.25","-55.5","1.15968947564154"
"E200 9366 C6B6 65B1 9071 BD96","1584858126870772","923.25","-59.5","4.59273847892961"
"E200 9366 C6B6 7BF1 9071 BDEF","1584858126874179","923.25","-52.5","5.17258321675038"
"E200 9366 C6B6 7BF1 9071 BDEF","1584858126882281","923.25","-52.5","5.1388356394169"
"E200 9366 C6B6 65B1 9071 BD96","1584858126885599","923.25","-59.5","4.67557344147543"
"E200 9366 C6B6 55F1 9071 BD57","1584858126889453","923.25","-56","1.21184482242966"
"E200 9366 C6B6 5D71 9071 BD75","1584858126892894","923.25","-58","5.60516579893413"
"E200 9366 C6B6 7BF1 9071 BDEF","1584858126930300","923.25","-52.5","5.1817871014777"
"E200 9366 C6B6 65B1 9071 BD96","1584858126933792","923.25","-59.5","1.57386428837067"
"E200 9366 C6B6 55F1 9071 BD57","1584858126937645","923.25","-56","1.11980597515652"
"E200 9366 C6B6 5D71 9071 BD75","1584858126941083","923.25","-58","5.64198133784339"
"E200 9366 C6B6 5D71 9071 BD75","1584858126946684","923.25","-58","5.70947649251036"
"E200 9366 C6B6 7BF1 9071 BDEF","1584858126950589","923.25","-53","5.21553467881118"
"E200 9366 C6B6 65B1 9071 BD96","1584858126954072","923.25","-59.5","4.56819478632344"
"E200 9366 C6B6 55F1 9071 BD57","1584858126958288","923.25","-56","1.20877686085389"
"E200 9366 C6B6 65B1 9071 BD96","1584858126995584","923.25","-59.5","4.65716567202081"
"E200 9366 C6B6 55F1 9071 BD57","1584858126999459","923.25","-56","1.1750292835204"
"E200 9366 C6B6 5D71 9071 BD75","1584858127003116","923.25","-58","5.68186483832841"
"E200 9366 C6B6 7BF1 9071 BDEF","1584858127006886","923.25","-53","5.15724340887153"
"E200 9366 C6B6 55F1 9071 BD57","1584858127012820","923.25","-56","1.19036909139926"
"E200 9366 C6B6 7BF1 9071 BDEF","1584858127016200","923.25","-52.5","5.20019487093232"
"E200 9366 C6B6 65B1 9071 BD96","1584858127020264","923.25","-59.5","4.62035013311155"
"E200 9366 C6B6 5D71 9071 BD75","1584858127024157","923.25","-58","5.6726609536011"
"E200 9366 C6B6 5D71 9071 BD75","1584858127066488","926.25","-59","1.81009732970506"
"E200 9366 C6B6 7BF1 9071 BDEF","1584858127070442","926.25","-53","4.44547632329259"
"E200 9366 C6B6 55F1 9071 BD57","1584858127073723","926.25","-56","0.38349519697141"
"E200 9366 C6B6 65B1 9071 BD96","1584858127077578","926.25","-59.5","3.86869954704759"
"E200 9366 C6B6 6C31 9071 BDB0","1584858127087242","926.25","-63","1.19343705297503"
"E200 9366 C6B6 7BF1 9071 BDEF","1584858127094583","926.25","-53","4.42706855383796"
"E200 9366 C6B6 55F1 9071 BD57","1584858127098069","926.25","-56","0.38349519697141"
"E200 9366 C6B6 5D71 9071 BD75","1584858127102403","926.25","-59","4.97623367590102"
"E200 9366 C6B6 65B1 9071 BD96","1584858127105731","926.25","-60","0.748582624488193"
"E200 9366 C6B6 5D71 9071 BD75","1584858127146721","926.25","-59","5.04066086899222"
"E200 9366 C6B6 7BF1 9071 BDEF","1584858127151019","926.25","-53","4.41786466911065"
"E200 9366 C6B6 55F1 9071 BD57","1584858127155542","926.25","-56","0.463262197941464"
"E200 9366 C6B6 65B1 9071 BD96","1584858127159005","926.25","-59.5","0.736310778185108"
"E200 9366 C6B6 7BF1 9071 BDEF","1584858127164162","926.25","-53","4.44240836171682"
"E200 9366 C6B6 5D71 9071 BD75","1584858127168397","926.25","-58.5","5.01918513796182"
"E200 9366 C6B6 65B1 9071 BD96","1584858127173627","926.25","-59","0.751650586063964"
"E200 9366 C6B6 55F1 9071 BD57","1584858127177078","926.25","-56","0.417242774304894"
"E200 9366 C6B6 7BF1 9071 BDEF","1584858127225346","926.25","-53","4.45774816959567"
"E200 9366 C6B6 65B1 9071 BD96","1584858127229985","926.25","-59","0.779262240245906"
"E200 9366 C6B6 55F1 9071 BD57","1584858127234009","926.25","-56","0.371223350668325"
"E200 9366 C6B6 5D71 9071 BD75","1584858127237646","926.25","-59","4.92714629068868"
"E200 9366 C6B6 65B1 9071 BD96","1584858127243864","926.25","-59.5","3.8134762386837"
"E200 9366 C6B6 7BF1 9071 BDEF","1584858127248624","926.25","-53.5","4.50069963165647"
"E200 9366 C6B6 55F1 9071 BD57","1584858127256802","926.25","-55.5","0.35895150436524"
"E200 9366 C6B6 5D71 9071 BD75","1584858127273243","924.75","-58.5","5.24928225614466"
"E200 9366 C6B6 65B1 9071 BD96","1584858127313832","924.75","-59","4.42400059226219"
"E200 9366 C6B6 7BF1 9071 BDEF","1584858127317988","924.75","-53","4.79522394293051"
"E200 9366 C6B6 55F1 9071 BD57","1584858127322021","924.75","-55.5","1.01856324315607"
"E200 9366 C6B6 5D71 9071 BD75","1584858127325643","924.75","-58.5","5.27382594875083"
"E200 9366 C6B6 5D71 9071 BD75","1584858127332873","924.75","-58.5","5.30450556450855"
"E200 9366 C6B6 55F1 9071 BD57","1584858127336743","924.75","-55.5","0.95720401164064"
"E200 9366 C6B6 7BF1 9071 BDEF","1584858127340283","924.75","-53","4.78295209662743"
"E200 9366 C6B6 65B1 9071 BD96","1584858127343945","924.75","-59","4.33809766814059"
"E200 9366 C6B6 55F1 9071 BD57","1584858127381793","924.75","-56.5","1.03697101261069"
"E200 9366 C6B6 7BF1 9071 BDEF","1584858127385712","924.75","-53","4.84124336656708"
"E200 9366 C6B6 65B1 9071 BD96","1584858127390293","924.75","-59.5","4.28901028292825"
"E200 9366 C6B6 5D71 9071 BD75","1584858127394168","924.75","-58.5","5.4916512206306"
"E200 9366 C6B6 5D71 9071 BD75","1584858127399242","924.75","-57.5","5.41495218123631"
"E200 9366 C6B6 55F1 9071 BD57","1584858127404409","924.75","-56.5","4.08345685735158"
"E200 9366 C6B6 7BF1 9071 BDEF","1584858127408122","924.75","-53","4.82283559711246"
"E200 9366 C6B6 65B1 9071 BD96","1584858127411995","924.75","-60.5","4.28901028292825"
"E200 9366 C6B6 55F1 9071 BD57","1584858127447705","924.75","-56","3.94846654801764"
"E200 9366 C6B6 7BF1 9071 BDEF","1584858127452143","924.75","-53.5","4.84124336656708"
"E200 9366 C6B6 65B1 9071 BD96","1584858127456763","924.75","-59","4.35650543759522"
"E200 9366 C6B6 5D71 9071 BD75","1584858127460073","924.75","-58","5.11122398523496"
"E200 9366 C6B6 7BF1 9071 BDEF","1584858127476809","927.75","-54","4.10800054995775"
"E200 9366 C6B6 6C31 9071 BDB0","1584858127481363","927.75","-60","0.911184588004071"
"E200 9366 C6B6 55F1 9071 BD57","1584858127485213","927.75","-54","0.11965050145508"
"E200 9366 C6B6 65B1 9071 BD96","1584858127489510","927.75","-58","0.438718505335293"
"E200 9366 C6B6 5D71 9071 BD75","1584858127492821","927.75","-59","1.22104870715697"
"E200 9366 C6B6 63B1 9071 BD8E","1584858127530255","927.75","-60.5","5.56528229844911"
"E200 9366 C6B6 65B1 9071 BD96","1584858127534441","927.75","-56","0.552233083638831"
"E200 9366 C6B6 55F1 9071 BD57","1584858127538493","927.75","-53","0.395767043274495"
"E200 9366 C6B6 5D71 9071 BD75","1584858127541757","927.75","-58.5","4.37491320704985"
"E200 9366 C6B6 7BF1 9071 BDEF","1584858127545503","927.75","-54","3.95153450959341"
"E200 9366 C6B6 6C31 9071 BDB0","1584858127548784","927.75","-56.5","4.44547632329259"
"E200 9366 C6B6 55F1 9071 BD57","1584858127555078","927.75","-52.5","0.389631120122953"
"E200 9366 C6B6 6C31 9071 BDB0","1584858127559119","927.75","-56","4.5191074011111"
"E200 9366 C6B6 5D71 9071 BD75","1584858127562993","927.75","-58","4.4546802080199"
"E200 9366 C6B6 65B1 9071 BD96","1584858127566858","927.75","-55.5","0.616660276730028"
"E200 9366 C6B6 7BF1 9071 BDEF","1584858127570250","927.75","-54","0.825281663882475"
"E200 9366 C6B6 63B1 9071 BD8E","1584858127573308","927.75","-60","5.77083572402578"
"E200 9366 C6B6 55F1 9071 BD57","1584858127608642","927.75","-53","3.54963154316737"
"E200 9366 C6B6 5D71 9071 BD75","1584858127612431","927.75","-58","1.38671863224862"
"E200 9366 C6B6 65B1 9071 BD96","1584858127616679","927.75","-56","3.72450535298634"
"E200 9366 C6B6 6C31 9071 BDB0","1584858127620334","927.75","-57","4.5835345942023"
"E200 9366 C6B6 63B1 9071 BD8E","1584858127624141","927.75","-61","5.89355418705663"
"E200 9366 C6B6 7BF1 9071 BDEF","1584858127627348","927.75","-53.5","3.97914616377535"
"E200 9366 C6B6 6C31 9071 BDB0","1584858127633721","927.75","-57.5","4.56819478632344"
"E200 9366 C6B6 63B1 9071 BD8E","1584858127637882","927.75","-60.5","2.84400038073998"
"E200 9366 C6B6 7BF1 9071 BDEF","1584858127641306","927.75","-53.5","0.831417587034017"
"E200 9366 C6B6 55F1 9071 BD57","1584858127645023","927.75","-53.5","0.306796157577128"
"E200 9366 C6B6 65B1 9071 BD96","1584858127648187","927.75","-57","0.515417544729575"
"E200 9366 C6B6 5D71 9071 BD75","1584858127652013","927.75","-58.5","4.5191074011111"
"E200 9366 C6B6 5D71 9071 BD75","1584858127688446","922.25","-57.5","6.01013672693594"
"E200 9366 C6B6 7BF1 9071 BDEF","1584858127692880","922.25","-52.5","5.3198453723874"
"E200 9366 C6B6 55F1 9071 BD57","1584858127696172","922.25","-54","1.82850509915968"
"E200 9366 C6B6 65B1 9071 BD96","1584858127699997","922.25","-56.5","5.03759290741645"
"E200 9366 C6B6 6C31 9071 BDB0","1584858127703513","922.25","-59","6.0040008037844"
"E200 9366 C6B6 63B1 9071 BD8E","1584858127706723","922.25","-63.5","1.01856324315607"
"E200 9366 C6B6 63B1 9071 BD8E","1584858127712090","922.25","-63.5","4.28901028292825"
"E200 9366 C6B6 5D71 9071 BD75","1584858127715991","922.25","-57.5","5.95184545699629"
"E200 9366 C6B6 6C31 9071 BDB0","1584858127719876","922.25","-59.5","5.99786488063286"
"E200 9366 C6B6 7BF1 9071 BDEF","1584858127723677","922.25","-52.5","5.36893275759974"
"E200 9366 C6B6 55F1 9071 BD57","1584858127728170","922.25","-54","1.71499052085615"
"E200 9366 C6B6 65B1 9071 BD96","1584858127731632","922.25","-57","4.97930163747679"
"E200 9366 C6B6 65B1 9071 BD96","1584858127767241","922.25","-57","4.93021425226445"
"E200 9366 C6B6 5D71 9071 BD75","1584858127775277","922.25","-58","5.89969011020818"
"E200 9366 C6B6 7BF1 9071 BDEF","1584858127778830","922.25","-52","5.38120460390283"
"E200 9366 C6B6 55F1 9071 BD57","1584858127782690","922.25","-54","4.75227248086972"
"E200 9366 C6B6 6C31 9071 BDB0","1584858127785960","922.25","-59.5","5.58369006790373"
"E200 9366 C6B6 5D71 9071 BD75","1584858127792934","922.25","-58","5.91502991808703"
"E200 9366 C6B6 65B1 9071 BD96","1584858127796411","922.25","-57","4.88112686705211"
"E200 9366 C6B6 6C31 9071 BDB0","1584858127800078","922.25","-59","5.63584541469185"
"E200 9366 C6B6 7BF1 9071 BDEF","1584858127803833","922.25","-52.5","5.405748296509"
"E200 9366 C6B6 55F1 9071 BD57","1584858127807163","922.25","-54","4.70932101880892"
"E200 9366 C6B6 6C31 9071 BDB0","1584858127842466","922.25","-59.5","5.4916512206306"
"E200 9366 C6B6 65B1 9071 BD96","1584858127847087","922.25","-57.5","4.77988413505166"
"E200 9366 C6B6 7BF1 9071 BDEF","1584858127850662","922.25","-52","5.48244733590328"
"E200 9366 C6B6 5D71 9071 BD75","1584858127854353","922.25","-58","5.79537941663195"
"E200 9366 C6B6 55F1 9071 BD57","1584858127858217","922.25","-54.5","1.4634176716429"
"E200 9366 C6B6 55F1 9071 BD57","1584858127864516","922.25","-54.5","4.6050103252327"
"E200 9366 C6B6 7BF1 9071 BDEF","1584858127868402","922.25","-52","5.51926287481254"
"E200 9366 C6B6 6C31 9071 BDB0","1584858127872210","922.25","-59","2.16291291091875"
"E200 9366 C6B6 5D71 9071 BD75","1584858127875846","922.25","-58.5","5.81685514766235"
"E200 9366 C6B6 65B1 9071 BD96","1584858127890185","927.25","-59.5","6.27704938402804"
"E200 9366 C6B6 6C31 9071 BDB0","1584858127924845","927.25","-60","0.57370881466923"
"E200 9366 C6B6 65B1 9071 BD96","1584858127929074","927.25","-59.5","6.16967072887605"
"E200 9366 C6B6 7BF1 9071 BDEF","1584858127933542","927.25","-52.5","4.29207824450402"
"E200 9366 C6B6 55F1 9071 BD57","1584858127936838","927.25","-55.5","5.99172895748131"
"E200 9366 C6B6 5D71 9071 BD75","1584858127940689","927.25","-60.5","4.48535982377761"
"E200 9366 C6B6 65B1 9071 BD96","1584858127945893","927.25","-60.5","6.22182607566416"
"E200 9366 C6B6 55F1 9071 BD57","1584858127950918","927.25","-56","5.99786488063286"
"E200 9366 C6B6 5D71 9071 BD75","1584858127954736","927.25","-60","4.43934040014105"
"E200 9366 C6B6 6C31 9071 BDB0","1584858127958577","927.25","-60","0.432582582183751"
"E200 9366 C6B6 7BF1 9071 BDEF","1584858127961995","927.25","-52.5","4.31662193711019"
"E200 9366 C6B6 5D71 9071 BD75","1584858127998522","927.25","-60.5","4.48842778535339"
"E200 9366 C6B6 7BF1 9071 BDEF","1584858128002105","927.25","-52.5","4.32889378341328"
"E200 9366 C6B6 55F1 9071 BD57","1584858128005573","927.25","-56","5.95184545699629"
"E200 9366 C6B6 6C31 9071 BDB0","1584858128010006","927.25","-59.5","0.349747619637926"
"E200 9366 C6B6 65B1 9071 BD96","1584858128013087","927.25","-60.5","6.13899111311834"
"E200 9366 C6B6 55F1 9071 BD57","1584858128018230","927.25","-56","5.93036972596589"
"E200 9366 C6B6 7BF1 9071 BDEF","1584858128022359","927.25","-53","4.34116562971636"
"E200 9366 C6B6 5D71 9071 BD75","1584858128026607","927.25","-60.5","1.23025259188428"
"E200 9366 C6B6 65B1 9071 BD96","1584858128030254","927.25","-60","6.13285518996679"
"E200 9366 C6B6 6C31 9071 BDB0","1584858128034146","927.25","-59.5","0.325203927031756"
"E200 9366 C6B6 65B1 9071 BD96","1584858128069949","927.25","-60","5.982525072754"
"E200 9366 C6B6 6C31 9071 BDB0","1584858128074622","927.25","-59","0.199417502425133"
"E200 9366 C6B6 7BF1 9071 BDEF","1584858128078162","927.25","-53.5","4.30741805238288"
"E200 9366 C6B6 55F1 9071 BD57","1584858128095191","925.25","-55","0.199417502425133"
"E200 9366 C6B6 5D71 9071 BD75","1584858128098680","925.25","-60.5","4.7645443271728"
"E200 9366 C6B6 65B1 9071 BD96","1584858128105073","925.25","-59.5","0.450990351638379"
"E200 9366 C6B6 7BF1 9071 BDEF","1584858128109630","925.25","-53.5","4.79829190450629"
"E200 9366 C6B6 5D71 9071 BD75","1584858128113120","925.25","-60.5","4.66023363359658"
"E200 9366 C6B6 55F1 9071 BD57","1584858128116636","925.25","-55","0.260776733940559"
"E200 9366 C6B6 6C31 9071 BDB0","1584858128119933","925.25","-58","0.816077779155161"
"E200 9366 C6B6 7BF1 9071 BDEF","1584858128155002","925.25","-54","4.81363171238514"
"E200 9366 C6B6 5D71 9071 BD75","1584858128159019","925.25","-61","4.58046663262652"
"E200 9366 C6B6 55F1 9071 BD57","1584858128164009","925.25","-54.5","0.156466040364335"
"E200 9366 C6B6 65B1 9071 BD96","1584858128167877","925.25","-58","0.319068003880213"
"E200 9366 C6B6 6C31 9071 BDB0","1584858128171277","925.25","-57.5","0.948000126913326"
"E200 9366 C6B6 6C31 9071 BDB0","1584858128176145","925.25","-57.5","0.929592357458699"
"E200 9366 C6B6 5D71 9071 BD75","1584858128180374","925.25","-60.5","4.65409771044504"
"E200 9366 C6B6 65B1 9071 BD96","1584858128184597","925.25","-58","0.374291312244096"
"E200 9366 C6B6 55F1 9071 BD57","1584858128188256","925.25","-54","0.159534001940107"
"E200 9366 C6B6 7BF1 9071 BDEF","1584858128191981","925.25","-54.5","4.81669967396091"
"E200 9366 C6B6 65B1 9071 BD96","1584858128227160","925.25","-57.5","0.401902966426038"
"E200 9366 C6B6 7BF1 9071 BDEF","1584858128231469","925.25","-55","4.8719229823248"
"E200 9366 C6B6 5D71 9071 BD75","1584858128235142","925.25","-60.5","1.26706813079354"
"E200 9366 C6B6 6C31 9071 BDB0","1584858128238817","925.25","-57","4.27673843662517"
"E200 9366 C6B6 55F1 9071 BD57","1584858128242848","925.25","-53.5","0.187145656122048"
"E200 9366 C6B6 63B1 9071 BD8E","1584858128246035","925.25","-62.5","5.51619491323677"
"E200 9366 C6B6 65B1 9071 BD96","1584858128255370","925.25","-57","0.349747619637926"
"E200 9366 C6B6 6C31 9071 BDB0","1584858128259932","925.25","-57","1.18423316824771"
"E200 9366 C6B6 5D71 9071 BD75","1584858128263237","925.25","-60","1.19343705297503"
"E200 9366 C6B6 7BF1 9071 BDEF","1584858128267013","925.25","-55.5","4.8933987133552"
"E200 9366 C6B6 55F1 9071 BD57","1584858128270275","925.25","-53.5","0.187145656122048"
"E200 9366 C6B6 63B1 9071 BD8E","1584858128273472","925.25","-62","5.7156124156619"
"E200 9366 C6B6 5D71 9071 BD75","1584858128309540","923.75","-60","1.61067982727992"
"E200 9366 C6B6 6C31 9071 BDB0","1584858128313232","923.75","-56.5","4.8504472512944"
"E200 9366 C6B6 65B1 9071 BD96","1584858128317841","923.75","-56.5","3.99141801007844"
"E200 9366 C6B6 55F1 9071 BD57","1584858128322263","923.75","-53","0.690291354548539"
"E200 9366 C6B6 7BF1 9071 BDEF","1584858128325461","923.75","-57","5.20633079408387"
"E200 9366 C6B6 63B1 9071 BD8E","1584858128328474","923.75","-62","6.08376780475445"
"E200 9366 C6B6 65B1 9071 BD96","1584858128334987","923.75","-56.5","4.02516558741192"
"E200 9366 C6B6 63B1 9071 BD8E","1584858128339501","923.75","-62","6.09297168948177"
"E200 9366 C6B6 5D71 9071 BD75","1584858128344268","923.75","-59","1.48796136424907"
"E200 9366 C6B6 55F1 9071 BD57","1584858128347697","923.75","-53","0.69335931612431"
"E200 9366 C6B6 7BF1 9071 BDEF","1584858128351076","923.75","-57","5.15110748571998"
"E200 9366 C6B6 6C31 9071 BDB0","1584858128354202","923.75","-56.5","4.91794240596137"
"E200 9366 C6B6 5D71 9071 BD75","1584858128389561","923.75","-60","4.43013651541373"
"E200 9366 C6B6 63B1 9071 BD8E","1584858128394633","923.75","-62.5","6.07763188160291"
"E200 9366 C6B6 65B1 9071 BD96","1584858128398327","923.75","-57.5","4.00982577953307"
"E200 9366 C6B6 55F1 9071 BD57","1584858128402417","923.75","-53.5","0.71790300873048"
"E200 9366 C6B6 7BF1 9071 BDEF","1584858128405840","923.75","-57.5","1.75487402134117"
"E200 9366 C6B6 6C31 9071 BDB0","1584858128408968","923.75","-57","4.91180648280982"
"E200 9366 C6B6 5D71 9071 BD75","1584858128415358","923.75","-60","4.30128212923134"
"E200 9366 C6B6 63B1 9071 BD8E","1584858128419278","923.75","-61.5","5.97332118802669"
"E200 9366 C6B6 6C31 9071 BDB0","1584858128422674","923.75","-57","4.98236959905256"
"E200 9366 C6B6 63B1 9071 BD8E","1584858128459761","923.75","-62","6.00706876536017"
"E200 9366 C6B6 5D71 9071 BD75","1584858128464067","923.75","-61","4.07425297262426"
"E200 9366 C6B6 6C31 9071 BDB0","1584858128468454","923.75","-57","5.10815602365919"
"E200 9366 C6B6 65B1 9071 BD96","1584858128473764","923.75","-60","4.252194744019"
"E200 9366 C6B6 55F1 9071 BD57","1584858128478825","923.75","-54","0.794602048124762"
"E200 9366 C6B6 6C31 9071 BDB0","1584858128482451","923.75","-56.5","5.12656379311381"
"E200 9366 C6B6 5D71 9071 BD75","1584858128486099","923.75","-61","0.883572933822129"
"E200 9366 C6B6 7BF1 9071 BDEF","1584858128489468","923.75","-58","0.720970970306251"
"E200 9366 C6B6 63B1 9071 BD8E","1584858128492495","923.75","-61","5.93650564911743"
"E200 9366 C6B6 7BF1 9071 BDEF","1584858128527619","922.75","-59","0.386563158547182"
"E200 9366 C6B6 65B1 9071 BD96","1584858128531994","922.75","-61","4.89646667493097"
"E200 9366 C6B6 5D71 9071 BD75","1584858128535654","922.75","-62.5","1.20264093770234"
"E200 9366 C6B6 6C31 9071 BDB0","1584858128539677","922.75","-56.5","5.51926287481254"
"E200 9366 C6B6 55F1 9071 BD57","1584858128543346","922.75","-54.5","1.33149532388474"
"E200 9366 C6B6 63B1 9071 BD8E","1584858128546714","922.75","-61.5","6.16967072887605"
"E200 9366 C6B6 6C31 9071 BDB0","1584858128554146","922.75","-56","5.50699102850945"
"E200 9366 C6B6 55F1 9071 BD57","1584858128557612","922.75","-54.5","4.49149574692916"
"E200 9366 C6B6 65B1 9071 BD96","1584858128561424","922.75","-60.5","5.10202010050764"
"E200 9366 C6B6 65B1 9071 BD96","1584858128597075","922.75","-60","5.13576767784113"
"E200 9366 C6B6 55F1 9071 BD57","1584858128602215","922.75","-54","4.6050103252327"
"E200 9366 C6B6 6C31 9071 BDB0","1584858128605692","922.75","-55","5.50085510535791"
"E200 9366 C6B6 65B1 9071 BD96","1584858128612506","922.75","-59.5","5.12349583153804"
"E200 9366 C6B6 63B1 9071 BD8E","1584858128616670","922.75","-61","6.089903727906"
"E200 9366 C6B6 55F1 9071 BD57","1584858128624347","922.75","-54","1.47568951794599"
"E200 9366 C6B6 6C31 9071 BDB0","1584858128628185","922.75","-55","5.43642791226671"
"E200 9366 C6B6 55F1 9071 BD57","1584858128665406","922.75","-53.5","1.43887397903673"
"E200 9366 C6B6 6C31 9071 BDB0","1584858128669437","922.75","-54.5","5.33825314184203"
"E200 9366 C6B6 65B1 9071 BD96","1584858128673073","922.75","-58.5","4.99770940693142"
"E200 9366 C6B6 63B1 9071 BD8E","1584858128676672","922.75","-61","6.04388430426943"
"E200 9366 C6B6 7BF1 9071 BDEF","1584858128683132","922.75","-62.5","3.87176750862336"
"E200 9366 C6B6 55F1 9071 BD57","1584858128686789","922.75","-53.5","4.56819478632344"
"E200 9366 C6B6 6C31 9071 BDB0","1584858128690808","922.75","-54","5.24928225614466"
"E200 9366 C6B6 63B1 9071 BD8E","1584858128694351","922.75","-60","6.05922411214828"
"E200 9366 C6B6 65B1 9071 BD96","1584858128697673","922.75","-58.5","4.94248609856754"
"E200 9366 C6B6 55F1 9071 BD57","1584858128736231","924.25","-53.5","0.754718547639735"
"E200 9366 C6B6 6C31 9071 BDB0","1584858128740109","924.25","-54","4.77988413505166"
"E200 9366 C6B6 65B1 9071 BD96","1584858128743610","924.25","-59.5","1.27320405394508"
"E200 9366 C6B6 5D71 9071 BD75","1584858128749146","924.25","-64","1.11367005200498"
"E200 9366 C6B6 65B1 9071 BD96","1584858128753373","924.25","-59","4.38718505335293"
"E200 9366 C6B6 5A31 9071 BD68","1584858128757599","924.25","-60.5","0.423378697456437"
"E200 9366 C6B6 6C31 9071 BDB0","1584858128761074","924.25","-54","4.77068025032434"
"E200 9366 C6B6 55F1 9071 BD57","1584858128764748","924.25","-54","0.754718547639735"
"E200 9366 C6B6 63B1 9071 BD8E","1584858128799764","924.25","-60.5","5.70334056935881"
"E200 9366 C6B6 6C31 9071 BDB0","1584858128808759","924.25","-54","4.78295209662743"
"E200 9366 C6B6 55F1 9071 BD57","1584858128812645","924.25","-55","0.619728238305799"
"E200 9366 C6B6 65B1 9071 BD96","1584858128816503","924.25","-60.5","4.5620588631719"
"E200 9366 C6B6 7BF1 9071 BDEF","1584858128821908","924.25","-64.5","0.929592357458699"
"E200 9366 C6B6 5D71 9071 BD75","1584858128835402","924.25","-63.5","5.08668029262879"
"E200 9366 C6B6 6C31 9071 BDB0","1584858128841036","924.25","-54","4.78295209662743"
"E200 9366 C6B6 65B1 9071 BD96","1584858128845039","924.25","-60.5","4.73079674983932"
"E200 9366 C6B6 55F1 9071 BD57","1584858128849384","924.25","-55.5","3.89631120122953"
"E200 9366 C6B6 63B1 9071 BD8E","1584858128856657","924.25","-60","5.83526291711698"
"E200 9366 C6B6 55F1 9071 BD57","1584858128896325","924.25","-56.5","1.15355355249"
"E200 9366 C6B6 63B1 9071 BD8E","1584858128900449","924.25","-61.5","5.86287457129892"
"E200 9366 C6B6 65B1 9071 BD96","1584858128903638","924.25","-60","5.05600067687107"
"E200 9366 C6B6 6C31 9071 BDB0","1584858128907646","924.25","-54.5","4.90567055965828"
"E200 9366 C6B6 6C31 9071 BDB0","1584858128914817","924.25","-54.5","4.90567055965828"
"E200 9366 C6B6 55F1 9071 BD57","1584858128918664","924.25","-56.5","4.4761559390503"
"E200 9366 C6B6 65B1 9071 BD96","1584858128922510","924.25","-59.5","5.15724340887153"
"E200 9366 C6B6 55F1 9071 BD57","1584858128960380","926.75","-56","1.07378655151995"
"E200 9366 C6B6 6C31 9071 BDB0","1584858128963677","926.75","-54","1.16582539879309"
"E200 9366 C6B6 65B1 9071 BD96","1584858128967521","926.75","-57.5","4.72466082668778"
"E200 9366 C6B6 7BF1 9071 BDEF","1584858128972644","926.75","-64","4.73386471141509"
"E200 9366 C6B6 63B1 9071 BD8E","1584858128976593","926.75","-61","5.19712690935655"
"E200 9366 C6B6 55F1 9071 BD57","1584858128980479","926.75","-55","1.13514578303537"
"E200 9366 C6B6 6C31 9071 BDB0","1584858128984319","926.75","-53.5","1.15968947564154"
"E200 9366 C6B6 65B1 9071 BD96","1584858128988156","926.75","-56.5","4.74000063456663"
"E200 9366 C6B6 5D71 9071 BD75","1584858128991639","926.75","-58.5","5.81992310923812"
"E200 9366 C6B6 6C31 9071 BDB0","1584858129027214","926.75","-53","4.36264136074676"
"E200 9366 C6B6 55F1 9071 BD57","1584858129031478","926.75","-53.5","4.46695205432299"
"E200 9366 C6B6 5D71 9071 BD75","1584858129035338","926.75","-57.5","5.61743764523722"
"E200 9366 C6B6 63B1 9071 BD8E","1584858129038918","926.75","-60.5","5.26462206402352"
"E200 9366 C6B6 65B1 9071 BD96","1584858129042431","926.75","-54.5","4.73079674983932"
"E200 9366 C6B6 7BF1 9071 BDEF","1584858129046540","926.75","-63","0.975611781095268"
"E200 9366 C6B6 55F1 9071 BD57","1584858129052912","926.75","-53","1.39592251697593"
"E200 9366 C6B6 63B1 9071 BD8E","1584858129056979","926.75","-60","5.27382594875083"
"E200 9366 C6B6 65B1 9071 BD96","1584858129060888","926.75","-54.5","1.58920409624952"
"E200 9366 C6B6 5D71 9071 BD75","1584858129064392","926.75","-57","5.45483568172134"
"E200 9366 C6B6 7BF1 9071 BDEF","1584858129068105","926.75","-62.5","0.874369049094816"
"E200 9366 C6B6 6C31 9071 BDB0","1584858129071327","926.75","-53","4.34730155286791"
"E200 9366 C6B6 6C31 9071 BDB0","1584858129107617","926.75","-52.5","1.20264093770234"
"E200 9366 C6B6 5D71 9071 BD75","1584858129111489","926.75","-57","5.12042786996227"
"E200 9366 C6B6 63B1 9071 BD8E","1584858129115531","926.75","-59.5","2.04326240946367"
"E200 9366 C6B6 55F1 9071 BD57","1584858129119029","926.75","-51.5","4.4761559390503"
"E200 9366 C6B6 65B1 9071 BD96","1584858129122522","926.75","-53","1.38058270909708"
"E200 9366 C6B6 7BF1 9071 BDEF","1584858129125740","926.75","-62.5","0.33440781175907"
"E200 9366 C6B6 7BF1 9071 BDEF","1584858129131029","926.75","-62.5","0.340543734910612"
"E200 9366 C6B6 55F1 9071 BD57","1584858129134669","926.75","-51.5","1.35603901649091"
"E200 9366 C6B6 65B1 9071 BD96","1584858129138914","926.75","-53","1.33456328546051"
"E200 9366 C6B6 63B1 9071 BD8E","1584858129142514","926.75","-59","5.2032628325081"
"E200 9366 C6B6 6C31 9071 BDB0","1584858129146250","926.75","-52","4.30435009080711"
"E200 9366 C6B6 5D71 9071 BD75","1584858129160714","925.75","-56.5","4.99157348377988"
"E200 9366 C6B6 6C31 9071 BDB0","1584858129197605","925.75","-52","4.50990351638379"
"E200 9366 C6B6 5D71 9071 BD75","1584858129201999","925.75","-56.5","4.65716567202081"
"E200 9366 C6B6 65B1 9071 BD96","1584858129205679","925.75","-53","4.47922390062607"
"E200 9366 C6B6 55F1 9071 BD57","1584858129209155","925.75","-51","4.62341809468732"
"E200 9366 C6B6 63B1 9071 BD8E","1584858129212373","925.75","-58.5","5.24007837141735"
"E200 9366 C6B6 7BF1 9071 BDEF","1584858129215422","925.75","-62.5","6.14819499784565"
"E200 9366 C6B6 55F1 9071 BD57","1584858129220570","925.75","-51","4.5835345942023"
"E200 9366 C6B6 65B1 9071 BD96","1584858129224974","925.75","-53","1.27627201552085"
"E200 9366 C6B6 63B1 9071 BD8E","1584858129228797","925.75","-58","5.28916575662969"
"E200 9366 C6B6 7BF1 9071 BDEF","1584858129232212","925.75","-62.5","6.2709134608765"
"E200 9366 C6B6 5D71 9071 BD75","1584858129235853","925.75","-56.5","1.260932207642"
"E200 9366 C6B6 6C31 9071 BDB0","1584858129239333","925.75","-51.5","4.39332097650448"
"E200 9366 C6B6 5D71 9071 BD75","1584858129274655","925.75","-57","4.06198112632118"
"E200 9366 C6B6 65B1 9071 BD96","1584858129279660","925.75","-53.5","0.954136050064869"
"E200 9366 C6B6 63B1 9071 BD8E","1584858129283457","925.75","-58.5","4.95782590644639"
"E200 9366 C6B6 7BF1 9071 BDEF","1584858129287052","925.75","-62.5","5.88435030232932"
"E200 9366 C6B6 6C31 9071 BDB0","1584858129290668","925.75","-51.5","4.15708793517009"
"E200 9366 C6B6 55F1 9071 BD57","1584858129294132","925.75","-50.5","4.31048601395865"
"E200 9366 C6B6 5A31 9071 BD68","1584858129302239","925.75","-62","4.77681617347589"
"E200 9366 C6B6 55F1 9071 BD57","1584858129307672","925.75","-50.5","4.25526270559477"
"E200 9366 C6B6 5A31 9071 BD68","1584858129311703","925.75","-62","4.72466082668778"
"E200 9366 C6B6 5D71 9071 BD75","1584858129315965","925.75","-57.5","0.582912699396544"
"E200 9366 C6B6 63B1 9071 BD8E","1584858129319991","925.75","-58.5","4.81976763553668"
"E200 9366 C6B6 65B1 9071 BD96","1584858129323333","925.75","-54.5","0.754718547639735"
"E200 9366 C6B6 6C31 9071 BDB0","1584858129326727","925.75","-51.5","0.846757394912874"
"E200 9366 C6B6 7BF1 9071 BDEF","1584858129329757","925.75","-62.5","5.62050560681299"
"E200 9366 C6B6 5D71 9071 BD75","1584858129365319","923.25","-56","1.05844674364109"
"E200 9366 C6B6 7BF1 9071 BDEF","1584858129369114","923.25","-62","6.22182607566416"
"E200 9366 C6B6 5A31 9071 BD68","1584858129372826","923.25","-61.5","5.07747640790147"
"E200 9366 C6B6 55F1 9071 BD57","1584858129376808","923.25","-51","4.65409771044504"
"E200 9366 C6B6 6C31 9071 BDB0","1584858129380433","923.25","-52","4.30435009080711"
"E200 9366 C6B6 65B1 9071 BD96","1584858129383899","923.25","-55","1.19343705297503"
"E200 9366 C6B6 63B1 9071 BD8E","1584858129387107","923.25","-59.5","5.01304921481028"
"E200 9366 C6B6 7BF1 9071 BDEF","1584858129397813","923.25","-61.5","6.05002022742097"
"E200 9366 C6B6 6C31 9071 BDB0","1584858129400951","923.25","-52","1.05537878206532"
"E200 9366 C6B6 5A31 9071 BD68","1584858129404780","923.25","-61.5","4.85658317444594"
"E200 9366 C6B6 55F1 9071 BD57","1584858129408528","923.25","-51","4.48842778535339"
"E200 9366 C6B6 65B1 9071 BD96","1584858129412591","923.25","-55.5","4.29821416765557"
"E200 9366 C6B6 5D71 9071 BD75","1584858129416078","923.25","-57","0.702563200851624"
"E200 9366 C6B6 63B1 9071 BD8E","1584858129419310","923.25","-60.5","4.89033075177942"
"E200 9366 C6B6 55F1 9071 BD57","1584858129456086","923.25","-51.5","1.17196132194463"
"E200 9366 C6B6 5D71 9071 BD75","1584858129459722","923.25","-58","0.524621429456889"
"E200 9366 C6B6 6C31 9071 BDB0","1584858129463572","923.25","-53","0.632000084608884"
"E200 9366 C6B6 65B1 9071 BD96","1584858129467248","923.25","-57","0.987883627398353"
"E200 9366 C6B6 7BF1 9071 BDEF","1584858129471734","923.25","-61.5","5.92423380281435"
"E200 9366 C6B6 5A31 9071 BD68","1584858129475012","923.25","-61.5","3.93926266329033"
"E200 9366 C6B6 63B1 9071 BD8E","1584858129478223","923.25","-62.5","4.62341809468732"
"E200 9366 C6B6 7BF1 9071 BDEF","1584858129484587","923.25","-61","2.77343726449724"
"E200 9366 C6B6 55F1 9071 BD57","1584858129488627","923.25","-52.5","4.18163162777626"
"E200 9366 C6B6 6C31 9071 BDB0","1584858129492298","923.25","-53","3.54963154316737"
"E200 9366 C6B6 5D71 9071 BD75","1584858129495939","923.25","-58.5","0.50314569842649"
"E200 9366 C6B6 5A31 9071 BD68","1584858129499722","923.25","-61.5","0.745514662912422"
"E200 9366 C6B6 65B1 9071 BD96","1584858129503211","923.25","-58","0.871301087519044"
"E200 9366 C6B6 63B1 9071 BD8E","1584858129506440","923.25","-63.5","1.34683513176359"
"E200 9366 C6B6 6C31 9071 BDB0","1584858129543694","923.25","-54","0.0889708856973672"
"E200 9366 C6B6 5D71 9071 BD75","1584858129548691","923.25","-60","0.472466082668777"
"E200 9366 C6B6 55F1 9071 BD57","1584858129552774","923.25","-53.5","0.822213702306704"
"E200 9366 C6B6 65B1 9071 BD96","1584858129567683","926.25","-61.5","0.168737886667421"
"E200 9366 C6B6 7BF1 9071 BDEF","1584858129571396","926.25","-60","5.13269971626536"
"E200 9366 C6B6 5A31 9071 BD68","1584858129574706","926.25","-60","5.58062210632796"
"E200 9366 C6B6 7BF1 9071 BDEF","1584858129579862","926.25","-59.5","5.14803952414421"
"E200 9366 C6B6 5A31 9071 BD68","1584858129584716","926.25","-60","5.56835026002488"
"E200 9366 C6B6 55F1 9071 BD57","1584858129588371","926.25","-54.5","6.12365130523948"
"E200 9366 C6B6 5D71 9071 BD75","1584858129592206","926.25","-63","5.7370881466923"
"E200 9366 C6B6 65B1 9071 BD96","1584858129595479","926.25","-62.5","0.276116541819415"
"E200 9366 C6B6 6C31 9071 BDB0","1584858129598798","926.25","-55.5","5.27075798717506"
"E200 9366 C6B6 5A31 9071 BD68","1584858129634324","926.25","-61","5.54380656741871"
"E200 9366 C6B6 7BF1 9071 BDEF","1584858129638084","926.25","-59","5.36893275759974"
"E200 9366 C6B6 5D71 9071 BD75","1584858129642700","926.25","-64.5","5.76163183929847"
"E200 9366 C6B6 6C31 9071 BDB0","1584858129649744","926.25","-57","5.0744084463257"
"E200 9366 C6B6 55F1 9071 BD57","1584858129653232","926.25","-55.5","6.01934061166326"
"E200 9366 C6B6 65B1 9071 BD96","1584858129660162","926.25","-63.5","0.21475731030399"
"E200 9366 C6B6 55F1 9071 BD57","1584858129665346","926.25","-56","5.99479691905709"
"E200 9366 C6B6 7BF1 9071 BDEF","1584858129669295","926.25","-58.5","5.44563179699403"
"E200 9366 C6B6 65B1 9071 BD96","1584858129683202","926.25","-63.5","0.466330159517235"
"E200 9366 C6B6 6C31 9071 BDB0","1584858129688408","926.25","-59","4.84737928971863"
"E200 9366 C6B6 7BF1 9071 BDEF","1584858129723904","926.25","-58","5.64504929941916"
"E200 9366 C6B6 55F1 9071 BD57","1584858129727387","926.25","-57","5.93036972596589"
"E200 9366 C6B6 7BF1 9071 BDEF","1584858129739319","926.25","-58","5.78617553190464"
"E200 9366 C6B6 55F1 9071 BD57","1584858129744034","926.25","-57","5.88435030232932"
"E200 9366 C6B6 5A31 9071 BD68","1584858129752105","926.25","-62.5","5.07134048474993"
"E200 9366 C6B6 55F1 9071 BD57","1584858129788836","924.75","-57.5","6.17273869045182"
"E200 9366 C6B6 7BF1 9071 BDEF","1584858129792021","924.75","-57","0.098174770424681"
"E200 9366 C6B6 5A31 9071 BD68","1584858129798084","924.75","-63","5.17565117832615"
"E200 9366 C6B6 55F1 9071 BD57","1584858129808959","924.75","-57.5","6.2279619988157"
"E200 9366 C6B6 7BF1 9071 BDEF","1584858129813610","924.75","-56.5","0.217825271879761"
"E200 9366 C6B6 5A31 9071 BD68","1584858129822073","924.75","-63","5.26155410244775"
"E200 9366 C6B6 55F1 9071 BD57","1584858129859168","924.75","-58","0.0245436926061703"
"E200 9366 C6B6 7BF1 9071 BDEF","1584858129862677","924.75","-56.5","0.497009775274948"
"E200 9366 C6B6 55F1 9071 BD57","1584858129871092","924.75","-58","0.0245436926061703"
"E200 9366 C6B6 7BF1 9071 BDEF","1584858129874260","924.75","-57","0.564504929941916"
"E200 9366 C6B6 7371 9071 BDCD","1584858129911895","924.75","-64.5","0.674951546669682"
"E200 9366 C6B6 7BF1 9071 BDEF","1584858129915629","924.75","-56.5","0.803805932852076"
"E200 9366 C6B6 55F1 9071 BD57","1584858129919269","924.75","-58.5","0.0368155389092554"
"E200 9366 C6B6 7BF1 9071 BDEF","1584858129927058","924.75","-56","0.880504972246358"
"E200 9366 C6B6 55F1 9071 BD57","1584858129930915","924.75","-58.5","0.0398835004850267"
"E200 9366 C6B6 7371 9071 BDCD","1584858129934214","924.75","-64.5","0.736310778185108"
"E200 9366 C6B6 55F1 9071 BD57","1584858129971489","924.75","-59","0.220893233455532"
"E200 9366 C6B6 7BF1 9071 BDEF","1584858129975022","924.75","-56.5","1.13514578303537"
"E200 9366 C6B6 5D71 9071 BD75","1584858129989496","927.75","-64.5","1.81009732970506"
"E200 9366 C6B6 7BF1 9071 BDEF","1584858129993100","927.75","-56.5","0.450990351638379"
"E200 9366 C6B6 55F1 9071 BD57","1584858129996978","927.75","-59.5","6.17887461360336"
"E200 9366 C6B6 55F1 9071 BD57","1584858130035495","927.75","-59","6.23102996039147"
"E200 9366 C6B6 7BF1 9071 BDEF","1584858130039223","927.75","-56.5","0.74244670133665"
"E200 9366 C6B6 65B1 9071 BD96","1584858130046349","927.75","-64.5","4.16935978147317"
"E200 9366 C6B6 7BF1 9071 BDEF","1584858130053833","927.75","-56.5","0.914252549579842"
"E200 9366 C6B6 55F1 9071 BD57","1584858130057633","927.75","-58.5","0.0122718463030851"
"E200 9366 C6B6 65B1 9071 BD96","1584858130067964","927.75","-63","4.16322385832163"
"E200 9366 C6B6 65B1 9071 BD96","1584858130104170","927.75","-63","0.938796242186012"
"E200 9366 C6B6 7BF1 9071 BDEF","1584858130109334","927.75","-56","1.42353417115788"
"E200 9366 C6B6 55F1 9071 BD57","1584858130112643","927.75","-57.5","0.0828349625458246"
"E200 9366 C6B6 55F1 9071 BD57","1584858130120641","927.75","-57.5","0.0951068088489097"
"E200 9366 C6B6 7BF1 9071 BDEF","1584858130124149","927.75","-56","1.56466040364335"
"E200 9366 C6B6 65B1 9071 BD96","1584858130127453","927.75","-62.5","4.13561220413969"
"E200 9366 C6B6 5D71 9071 BD75","1584858130164449","927.75","-63.5","4.54365109371727"
"E200 9366 C6B6 55F1 9071 BD57","1584858130168451","927.75","-56.5","0.122718463030851"
"E200 9366 C6B6 7BF1 9071 BDEF","1584858130172178","927.75","-56","5.1817871014777"
"E200 9366 C6B6 65B1 9071 BD96","1584858130175844","927.75","-61","0.966407896367954"
"E200 9366 C6B6 5D71 9071 BD75","1584858130189182","922.25","-60.5","5.47937937432751"
"E200 9366 C6B6 65B1 9071 BD96","1584858130192818","922.25","-61","5.15417544729575"
"E200 9366 C6B6 55F1 9071 BD57","1584858130197422","922.25","-55.5","4.74613655771817"
"E200 9366 C6B6 7BF1 9071 BDEF","1584858130200602","922.25","-55.5","0.696427277700081"
"E200 9366 C6B6 55F1 9071 BD57","1584858130237290","922.25","-55","4.89033075177942"
"E200 9366 C6B6 7BF1 9071 BDEF","1584858130242023","922.25","-55.5","1.20877686085389"
"E200 9366 C6B6 5D71 9071 BD75","1584858130245276","922.25","-60","2.31631098970732"
"E200 9366 C6B6 55F1 9071 BD57","1584858130253032","922.25","-55","4.95475794487062"
"E200 9366 C6B6 7BF1 9071 BDEF","1584858130256743","922.25","-55","4.55899090159613"
"E200 9366 C6B6 5D71 9071 BD75","1584858130260049","922.25","-59.5","5.44563179699403"
"E200 9366 C6B6 65B1 9071 BD96","1584858130299365","922.25","-59.5","5.51926287481254"
"E200 9366 C6B6 5D71 9071 BD75","1584858130303638","922.25","-59","5.4701754896002"
"E200 9366 C6B6 6C31 9071 BDB0","1584858130307132","922.25","-60.5","2.70901007140604"
"E200 9366 C6B6 55F1 9071 BD57","1584858130310950","922.25","-54","2.02792260158482"
"E200 9366 C6B6 7BF1 9071 BDEF","1584858130314306","922.25","-55","5.26769002559929"
"E200 9366 C6B6 63B1 9071 BD8E","1584858130331635","922.25","-62.5","0.822213702306704"
"E200 9366 C6B6 65B1 9071 BD96","1584858130337339","922.25","-58","5.60516579893413"
"E200 9366 C6B6 55F1 9071 BD57","1584858130341144","922.25","-53.5","5.3198453723874"
"E200 9366 C6B6 7BF1 9071 BDEF","1584858130345389","922.25","-54.5","5.63891337626762"
"E200 9366 C6B6 6C31 9071 BDB0","1584858130348509","922.25","-60","0.0306796157577128"
"E200 9366 C6B6 5D71 9071 BD75","1584858130355736","922.25","-57.5","5.62050560681299"
"E200 9366 C6B6 63B1 9071 BD8E","1584858130359254","922.25","-60.5","4.25526270559477"
"E200 9366 C6B6 55F1 9071 BD57","1584858130394524","927.25","-53","1.00629139685298"
"E200 9366 C6B6 65B1 9071 BD96","1584858130398806","927.25","-57","4.38411709177716"
"E200 9366 C6B6 6C31 9071 BDB0","1584858130403433","927.25","-59","2.04326240946367"
"E200 9366 C6B6 7BF1 9071 BDEF","1584858130406633","927.25","-54.5","5.20633079408387"
"E200 9366 C6B6 63B1 9071 BD8E","1584858130410218","927.25","-61","0.233165079758617"
"E200 9366 C6B6 5D71 9071 BD75","1584858130413540","927.25","-59","1.35297105491514"
"E200 9366 C6B6 55F1 9071 BD57","1584858130418678","927.25","-52.5","1.08605839782303"
"E200 9366 C6B6 6C31 9071 BDB0","1584858130424606","927.25","-59","5.34745702656935"
"E200 9366 C6B6 65B1 9071 BD96","1584858130428470","927.25","-56","4.47922390062607"
"E200 9366 C6B6 7BF1 9071 BDEF","1584858130431837","927.25","-54.5","5.58369006790373"
"E200 9366 C6B6 63B1 9071 BD8E","1584858130435089","927.25","-60","0.411106851153352"
"E200 9366 C6B6 5D71 9071 BD75","1584858130438211","927.25","-58.5","4.63568994099041"
"E200 9366 C6B6 63B1 9071 BD8E","1584858130474968","927.25","-61","0.5982525072754"
"E200 9366 C6B6 7BF1 9071 BDEF","1584858130481744","927.25","-54.5","0.0122718463030851"
"E200 9366 C6B6 6C31 9071 BDB0","1584858130485258","927.25","-62","5.69106872305573"
"E200 9366 C6B6 63B1 9071 BD8E","1584858130491538","927.25","-61","0.69335931612431"
"E200 9366 C6B6 6C31 9071 BDB0","1584858130495372","927.25","-62","5.5867580294795"
"E200 9366 C6B6 7BF1 9071 BDEF","1584858130499149","927.25","-54.5","0.276116541819415"
"E200 9366 C6B6 5D71 9071 BD75","1584858130535725","927.25","-59","2.0831459099487"
"E200 9366 C6B6 65B1 9071 BD96","1584858130539739","927.25","-56.5","1.60147594255261"
"E200 9366 C6B6 7BF1 9071 BDEF","1584858130543663","927.25","-54.5","0.905048664852528"
"E200 9366 C6B6 55F1 9071 BD57","1584858130547716","927.25","-53.5","1.37751474752131"
"E200 9366 C6B6 55F1 9071 BD57","1584858130555252","927.25","-53.5","1.39285455540016"
"E200 9366 C6B6 5D71 9071 BD75","1584858130559211","927.25","-58.5","5.28302983347815"
"E200 9366 C6B6 65B1 9071 BD96","1584858130562517","927.25","-56.5","4.75534044244549"
"E200 9366 C6B6 7BF1 9071 BDEF","1584858130566444","927.25","-54.5","1.1965050145508"
"E200 9366 C6B6 55F1 9071 BD57","1584858130603331","925.25","-55.5","1.90827210012974"
"E200 9366 C6B6 65B1 9071 BD96","1584858130607163","925.25","-58","5.34745702656935"
"E200 9366 C6B6 7BF1 9071 BDEF","1584858130610932","925.25","-54.5","5.43642791226671"
"E200 9366 C6B6 5D71 9071 BD75","1584858130614218","925.25","-59.5","5.82605903238967"
"E200 9366 C6B6 55F1 9071 BD57","1584858130621318","925.25","-55.5","5.02225309953759"
"E200 9366 C6B6 7BF1 9071 BDEF","1584858130625641","925.25","-54.5","5.59289395263105"
"E200 9366 C6B6 65B1 9071 BD96","1584858130629484","925.25","-58","5.33211721869049"
"E200 9366 C6B6 5D71 9071 BD75","1584858130632954","925.25","-59","5.81071922451081"
"E200 9366 C6B6 5D71 9071 BD75","1584858130669119","925.25","-59.5","2.78264114922455"
"E200 9366 C6B6 55F1 9071 BD57","1584858130673192","925.25","-56","5.06213660002262"
"E200 9366 C6B6 7BF1 9071 BDEF","1584858130676901","925.25","-55","6.09297168948177"
"E200 9366 C6B6 65B1 9071 BD96","1584858130680750","925.25","-58.5","5.35052498814512"
"E200 9366 C6B6 6C31 9071 BDB0","1584858130683940","925.25","-62","0.975611781095268"
"E200 9366 C6B6 55F1 9071 BD57","1584858130689755","925.25","-56","5.0529327152953"
"E200 9366 C6B6 5D71 9071 BD75","1584858130693033","925.25","-59.5","6.04081634269366"
"E200 9366 C6B6 6C31 9071 BDB0","1584858130697821","925.25","-61","0.944932165337555"
"E200 9366 C6B6 7BF1 9071 BDEF","1584858130701547","925.25","-54.5","0.0736310778185108"
"E200 9366 C6B6 65B1 9071 BD96","1584858130704845","925.25","-59","5.35052498814512"
"E200 9366 C6B6 7BF1 9071 BDEF","1584858130740255","925.25","-54.5","0.42951462060798"
"E200 9366 C6B6 6C31 9071 BDB0","1584858130744651","925.25","-60","0.806873894427847"
"E200 9366 C6B6 65B1 9071 BD96","1584858130748508","925.25","-59.5","5.28916575662969"
"E200 9366 C6B6 55F1 9071 BD57","1584858130752577","925.25","-57","4.79215598135474"
"E200 9366 C6B6 5D71 9071 BD75","1584858130755856","925.25","-60","6.04081634269366"
"E200 9366 C6B6 5D71 9071 BD75","1584858130761150","925.25","-59.5","5.982525072754"
"E200 9366 C6B6 55F1 9071 BD57","1584858130765720","925.25","-57.5","1.65976721249226"
"E200 9366 C6B6 65B1 9071 BD96","1584858130769356","925.25","-60.5","5.24007837141735"
"E200 9366 C6B6 6C31 9071 BDB0","1584858130773110","925.25","-59.5","0.745514662912422"
"E200 9366 C6B6 7BF1 9071 BDEF","1584858130776661","925.25","-54","3.86869954704759"
"E200 9366 C6B6 7BF1 9071 BDEF","1584858130815589","923.75","-53.5","4.6050103252327"
"E200 9366 C6B6 6C31 9071 BDB0","1584858130819138","923.75","-57.5","1.18730112982349"
"E200 9366 C6B6 55F1 9071 BD57","1584858130822584","923.75","-58","4.7430685961424"
"E200 9366 C6B6 5D71 9071 BD75","1584858130826362","923.75","-60","6.18194257517913"
"E200 9366 C6B6 65B1 9071 BD96","1584858130829840","923.75","-61.5","5.10202010050764"
"E200 9366 C6B6 7BF1 9071 BDEF","1584858130836004","923.75","-53","4.75227248086972"
"E200 9366 C6B6 65B1 9071 BD96","1584858130839844","923.75","-61.5","5.06520456159839"
"E200 9366 C6B6 6C31 9071 BDB0","1584858130843573","923.75","-57","4.46081613117144"
"E200 9366 C6B6 5D71 9071 BD75","1584858130847214","923.75","-59","6.13592315154256"
"E200 9366 C6B6 55F1 9071 BD57","1584858130850687","923.75","-57.5","1.30695163127857"
"E200 9366 C6B6 6C31 9071 BDB0","1584858130891159","923.75","-56.5","1.65363128934072"
"E200 9366 C6B6 7BF1 9071 BDEF","1584858130895309","923.75","-52.5","5.16951525517461"
"E200 9366 C6B6 65B1 9071 BD96","1584858130899364","923.75","-61.5","1.74260217503809"
"E200 9366 C6B6 63B1 9071 BD8E","1584858130903615","923.75","-63","5.94570953384475"
"E200 9366 C6B6 55F1 9071 BD57","1584858130906962","923.75","-56.5","1.05844674364109"
"E200 9366 C6B6 5D71 9071 BD75","1584858130910248","923.75","-61","5.88435030232932"
"E200 9366 C6B6 65B1 9071 BD96","1584858130915972","923.75","-60.5","4.58046663262652"
"E200 9366 C6B6 55F1 9071 BD57","1584858130919643","923.75","-56","4.12027239626083"
"E200 9366 C6B6 7BF1 9071 BDEF","1584858130923588","923.75","-52.5","5.39347645020591"
"E200 9366 C6B6 6C31 9071 BDB0","1584858130927242","923.75","-56","4.97623367590102"
"E200 9366 C6B6 5D71 9071 BD75","1584858130931098","923.75","-60.5","5.92423380281435"
"E200 9366 C6B6 63B1 9071 BD8E","1584858130934510","923.75","-62.5","6.18501053675491"
"E200 9366 C6B6 6C31 9071 BDB0","1584858130970145","923.75","-56","5.12042786996227"
"E200 9366 C6B6 7BF1 9071 BDEF","1584858130975248","923.75","-53","5.46710752802443"
"E200 9366 C6B6 65B1 9071 BD96","1584858130978920","923.75","-59.5","4.4117287459591"
"E200 9366 C6B6 63B1 9071 BD8E","1584858130982524","923.75","-61.5","6.23409792196725"
"E200 9366 C6B6 55F1 9071 BD57","1584858130985856","923.75","-55","0.840621471761331"
"E200 9366 C6B6 5D71 9071 BD75","1584858130992561","923.75","-61.5","5.53767064426716"
"E200 9366 C6B6 5D71 9071 BD75","1584858130997874","923.75","-61.5","5.49778714378214"
"E200 9366 C6B6 7BF1 9071 BDEF","1584858131002016","923.75","-53.5","5.5867580294795"
"E200 9366 C6B6 65B1 9071 BD96","1584858131016677","922.75","-59","4.66636955674812"
"E200 9366 C6B6 63B1 9071 BD8E","1584858131020443","922.75","-61.5","0.450990351638379"
"E200 9366 C6B6 55F1 9071 BD57","1584858131024087","922.75","-54.5","1.09219432097458"
"E200 9366 C6B6 6C31 9071 BDB0","1584858131027560","922.75","-56","5.61130172208568"
"E200 9366 C6B6 5D71 9071 BD75","1584858131065095","922.75","-61.5","5.63891337626762"
"E200 9366 C6B6 7BF1 9071 BDEF","1584858131069516","922.75","-55.5","5.96411730329937"
"E200 9366 C6B6 7BF1 9071 BDEF","1584858131076557","922.75","-55.5","6.02854449639057"
"E200 9366 C6B6 5D71 9071 BD75","1584858131080574","922.75","-61.5","5.53460268269139"
"E200 9366 C6B6 6C31 9071 BDB0","1584858131121118","922.75","-56.5","5.74322406984384"
"E200 9366 C6B6 65B1 9071 BD96","1584858131125165","922.75","-59.5","4.68784528777852"
"E200 9366 C6B6 55F1 9071 BD57","1584858131128844","922.75","-54","1.07071858994418"
"E200 9366 C6B6 7BF1 9071 BDEF","1584858131132465","922.75","-56.5","5.95491341857206"
"E200 9366 C6B6 5D71 9071 BD75","1584858131135855","922.75","-61.5","5.44256383541826"
"E200 9366 C6B6 63B1 9071 BD8E","1584858131139098","922.75","-61","3.75518496874405"
"E200 9366 C6B6 5D71 9071 BD75","1584858131146003","922.75","-61","5.3198453723874"
"E200 9366 C6B6 6C31 9071 BDB0","1584858131149995","922.75","-56.5","5.72481630038921"
"E200 9366 C6B6 55F1 9071 BD57","1584858131153842","922.75","-54","1.06458266679264"
"E200 9366 C6B6 7BF1 9071 BDEF","1584858131157549","922.75","-56.5","5.87207845602623"
"E200 9366 C6B6 65B1 9071 BD96","1584858131160847","922.75","-59","4.70625305723315"
"E200 9366 C6B6 63B1 9071 BD8E","1584858131164086","922.75","-60","0.751650586063964"
"E200 9366 C6B6 63B1 9071 BD8E","1584858131199822","922.75","-62","0.506213660002262"
"E200 9366 C6B6 7BF1 9071 BDEF","1584858131204194","922.75","-57.5","5.56835026002488"
"E200 9366 C6B6 55F1 9071 BD57","1584858131207830","922.75","-54.5","1.02163120473184"
"E200 9366 C6B6 6C31 9071 BDB0","1584858131218829","924.25","-57.5","5.17871913990192"
"E200 9366 C6B6 65B1 9071 BD96","1584858131223153","924.25","-61.5","4.36570932232253"
"E200 9366 C6B6 55F1 9071 BD57","1584858131258618","924.25","-55.5","0.638136007760427"
"E200 9366 C6B6 63B1 9071 BD8E","1584858131261852","924.25","-61","6.13592315154256"
"E200 9366 C6B6 7BF1 9071 BDEF","1584858131267011","924.25","-58","4.54978701686881"
"E200 9366 C6B6 6C31 9071 BDB0","1584858131270318","924.25","-57","5.16951525517461"
"E200 9366 C6B6 6C31 9071 BDB0","1584858131354447","924.25","-57","2.02485464000905"
"E200 9366 C6B6 55F1 9071 BD57","1584858131358437","924.25","-56","1.05844674364109"
"E200 9366 C6B6 65B1 9071 BD96","1584858131363643","924.25","-61","5.15724340887153"
"E200 9366 C6B6 6C31 9071 BDB0","1584858131369696","924.25","-57","1.99110706267556"
"E200 9366 C6B6 55F1 9071 BD57","1584858131374298","924.25","-56","4.19697143565511"
"E200 9366 C6B6 65B1 9071 BD96","1584858131378114","924.25","-60.5","5.21553467881118"
"E200 9366 C6B6 65B1 9071 BD96","1584858131420139","926.75","-59","4.21537920510974"
"E200 9366 C6B6 6C31 9071 BDB0","1584858131424223","926.75","-56","1.16889336036886"
"E200 9366 C6B6 63B1 9071 BD8E","1584858131428750","926.75","-61.5","5.14190360099267"
"E200 9366 C6B6 55F1 9071 BD57","1584858131432054","926.75","-55","0.35895150436524"
"E200 9366 C6B6 7BF1 9071 BDEF","1584858131435821","926.75","-63.5","0.855961279640188"
"E200 9366 C6B6 7BF1 9071 BDEF","1584858131441218","926.75","-64","0.708699124003166"
"E200 9366 C6B6 65B1 9071 BD96","1584858131444954","926.75","-58.5","4.08959278050312"
"E200 9366 C6B6 6C31 9071 BDB0","1584858131448937","926.75","-56","1.15048559091423"
"E200 9366 C6B6 63B1 9071 BD8E","1584858131452678","926.75","-61","5.08974825420456"
"E200 9366 C6B6 55F1 9071 BD57","1584858131456171","926.75","-54.5","0.33440781175907"
"E200 9366 C6B6 5A31 9071 BD68","1584858131492705","926.75","-63","5.92730176439012"
"E200 9366 C6B6 6C31 9071 BDB0","1584858131496742","926.75","-55.5","1.00935935842875"
"E200 9366 C6B6 63B1 9071 BD8E","1584858131500516","926.75","-61.5","5.0314569842649"
"E200 9366 C6B6 55F1 9071 BD57","1584858131504250","926.75","-54.5","0.193281579273591"
"E200 9366 C6B6 65B1 9071 BD96","1584858131507740","926.75","-58.5","0.809941856003619"
"E200 9366 C6B6 65B1 9071 BD96","1584858131513208","926.75","-59","0.776194278670134"
"E200 9366 C6B6 6C31 9071 BDB0","1584858131517243","926.75","-55","4.15095201201854"
"E200 9366 C6B6 5A31 9071 BD68","1584858131521228","926.75","-61.5","5.9395736106932"
"E200 9366 C6B6 63B1 9071 BD8E","1584858131524782","926.75","-61","1.92974783116014"
"E200 9366 C6B6 55F1 9071 BD57","1584858131528617","926.75","-55","0.0705631162427395"
"E200 9366 C6B6 63B1 9071 BD8E","1584858131564770","926.75","-61","5.01304921481028"
"E200 9366 C6B6 6C31 9071 BDB0","1584858131568362","926.75","-55","4.05277724159386"
"E200 9366 C6B6 5A31 9071 BD68","1584858131572206","926.75","-61","2.50959256898091"
"E200 9366 C6B6 55F1 9071 BD57","1584858131576226","926.75","-55.5","0.098174770424681"
"E200 9366 C6B6 65B1 9071 BD96","1584858131579870","926.75","-59.5","4.01902966426038"
"E200 9366 C6B6 6C31 9071 BDB0","1584858131597518","926.75","-54.5","0.960271973216411"
"E200 9366 C6B6 65B1 9071 BD96","1584858131601696","926.75","-59.5","4.13868016571546"
"E200 9366 C6B6 55F1 9071 BD57","1584858131605180","926.75","-56","0.276116541819415"
"E200 9366 C6B6 5D71 9071 BD75","1584858131656549","925.75","-61.5","5.88435030232932"
"E200 9366 C6B6 65B1 9071 BD96","1584858131664763","925.75","-58.5","1.62601963515878"
"E200 9366 C6B6 63B1 9071 BD8E","1584858131676784","925.75","-60.5","5.30143760293278"
"E200 9366 C6B6 5D71 9071 BD75","1584858131681390","925.75","-60","5.97638914960246"
"E200 9366 C6B6 65B1 9071 BD96","1584858131685280","925.75","-57.5","4.84737928971863"
"E200 9366 C6B6 5D71 9071 BD75","1584858131722012","925.75","-58.5","5.95491341857206"
"E200 9366 C6B6 6C31 9071 BDB0","1584858131725491","925.75","-53","4.26139862874631"
"E200 9366 C6B6 55F1 9071 BD57","1584858131729705","925.75","-54.5","4.43934040014105"
"E200 9366 C6B6 7BF1 9071 BDEF","1584858131734073","925.75","-65.5","5.53460268269139"
"E200 9366 C6B6 65B1 9071 BD96","1584858131737359","925.75","-56","4.88419482862788"
"E200 9366 C6B6 63B1 9071 BD8E","1584858131740761","925.75","-60.5","2.01258279370596"
"E200 9366 C6B6 5D71 9071 BD75","1584858131745824","925.75","-58.5","5.8966221486324"
"E200 9366 C6B6 65B1 9071 BD96","1584858131751044","925.75","-56","1.730330328735"
"E200 9366 C6B6 55F1 9071 BD57","1584858131754880","925.75","-54","1.35297105491514"
"E200 9366 C6B6 6C31 9071 BDB0","1584858131759685","925.75","-53","4.2736704750494"
"E200 9366 C6B6 7BF1 9071 BDEF","1584858131763068","925.75","-64.5","5.16644729359884"
"E200 9366 C6B6 63B1 9071 BD8E","1584858131766454","925.75","-60","5.04679679214376"
"E200 9366 C6B6 6C31 9071 BDB0","1584858131802401","925.75","-52.5","4.14788405044277"
"E200 9366 C6B6 5D71 9071 BD75","1584858131807071","925.75","-57.5","5.65425318414647"
"E200 9366 C6B6 63B1 9071 BD8E","1584858131810659","925.75","-60","4.94555406014331"
"E200 9366 C6B6 55F1 9071 BD57","1584858131825179","923.25","-53","5.16951525517461"
"E200 9366 C6B6 65B1 9071 BD96","1584858131828625","923.25","-54.5","5.33211721869049"
"E200 9366 C6B6 7BF1 9071 BDEF","1584858131831832","923.25","-63","5.20633079408387"
"E200 9366 C6B6 55F1 9071 BD57","1584858131836881","923.25","-53","5.17258321675038"
"E200 9366 C6B6 65B1 9071 BD96","1584858131841434","923.25","-54.5","5.31677741081163"
"E200 9366 C6B6 6C31 9071 BDB0","1584858131844878","923.25","-52.5","4.71238898038469"
"E200 9366 C6B6 63B1 9071 BD8E","1584858131848611","923.25","-60.5","5.42108810438786"
"E200 9366 C6B6 5D71 9071 BD75","1584858131852101","923.25","-56","5.9180978796628"
"E200 9366 C6B6 7BF1 9071 BDEF","1584858131855498","923.25","-63.5","1.92361190800859"
"E200 9366 C6B6 65B1 9071 BD96","1584858131894815","923.25","-53.5","2.03405852473636"
"E200 9366 C6B6 6C31 9071 BDB0","1584858131898693","923.25","-52.5","4.61421420996001"
"E200 9366 C6B6 55F1 9071 BD57","1584858131902534","923.25","-52","5.15417544729575"
"E200 9366 C6B6 5D71 9071 BD75","1584858131906214","923.25","-55.5","5.62664152996453"
"E200 9366 C6B6 63B1 9071 BD8E","1584858131909647","923.25","-60","5.40268033493323"
"E200 9366 C6B6 7BF1 9071 BDEF","1584858131912709","923.25","-63","4.16935978147317"
"E200 9366 C6B6 65B1 9071 BD96","1584858131917738","923.25","-53.5","5.0529327152953"
"E200 9366 C6B6 5D71 9071 BD75","1584858131922378","923.25","-55.5","5.43642791226671"
"E200 9366 C6B6 55F1 9071 BD57","1584858131928831","923.25","-51.5","5.10508806208341"
"E200 9366 C6B6 6C31 9071 BDB0","1584858131932307","923.25","-52.5","1.43580601746096"
"E200 9366 C6B6 63B1 9071 BD8E","1584858131935523","923.25","-60","5.30757352608432"
"E200 9366 C6B6 7BF1 9071 BDEF","1584858131938565","923.25","-62.5","0.874369049094816"
"E200 9366 C6B6 63B1 9071 BD8E","1584858131974707","923.25","-59.5","5.22473856353849"
"E200 9366 C6B6 65B1 9071 BD96","1584858131978567","923.25","-53.5","1.65363128934072"
"E200 9366 C6B6 55F1 9071 BD57","1584858131982281","923.25","-51","4.93635017541599"
"E200 9366 C6B6 6C31 9071 BDB0","1584858131986109","923.25","-52","4.42400059226219"
"E200 9366 C6B6 5D71 9071 BD75","1584858131989605","923.25","-55.5","5.00077736850719"
"E200 9366 C6B6 7BF1 9071 BDEF","1584858131992816","923.25","-62.5","0.54916512206306"
"E200 9366 C6B6 55F1 9071 BD57","1584858131999155","923.25","-51","4.86578705917325"
"E200 9366 C6B6 7BF1 9071 BDEF","1584858132002866","923.25","-62.5","0.276116541819415"
"E200 9366 C6B6 6C31 9071 BDB0","1584858132006512","923.25","-52","4.35343747601945"
"E200 9366 C6B6 5D71 9071 BD75","1584858132010317","923.25","-55.5","4.82283559711246"
"E200 9366 C6B6 65B1 9071 BD96","1584858132013793","923.25","-54","4.65716567202081"
"E200 9366 C6B6 63B1 9071 BD8E","1584858132027818","926.25","-59.5","4.23685493614014"
"E200 9366 C6B6 5A31 9071 BD68","1584858132034019","926.25","-64","4.03436947213924"
"E200 9366 C6B6 6C31 9071 BDB0","1584858132068796","926.25","-52","0.156466040364335"
"E200 9366 C6B6 5D71 9071 BD75","1584858132073039","926.25","-58.5","0.380427235395639"
"E200 9366 C6B6 7BF1 9071 BDEF","1584858132076992","926.25","-63","5.23701040984158"
"E200 9366 C6B6 55F1 9071 BD57","1584858132080663","926.25","-52","0.500077736850719"
"E200 9366 C6B6 65B1 9071 BD96","1584858132088128","926.25","-56","0.343611696486384"
"E200 9366 C6B6 63B1 9071 BD8E","1584858132091383","926.25","-60","3.81961216183525"
"E200 9366 C6B6 5A31 9071 BD68","1584858132094550","926.25","-62.5","0.340543734910612"
"E200 9366 C6B6 55F1 9071 BD57","1584858132100642","926.25","-52","3.55576746631892"
"E200 9366 C6B6 63B1 9071 BD8E","1584858132104208","926.25","-60","3.77666069977445"
"E200 9366 C6B6 7BF1 9071 BDEF","1584858132107664","926.25","-62.5","5.03759290741645"
"E200 9366 C6B6 65B1 9071 BD96","1584858132111543","926.25","-56.5","0.279184503395187"
"E200 9366 C6B6 6C31 9071 BDB0","1584858132115218","926.25","-52.5","3.0771654604986"
"E200 9366 C6B6 5D71 9071 BD75","1584858132118724","926.25","-59.5","6.21262219093685"
"E200 9366 C6B6 5A31 9071 BD68","1584858132122010","926.25","-61.5","6.20955422936108"
"E200 9366 C6B6 63B1 9071 BD8E","1584858132157202","926.25","-61.5","0.466330159517235"
"E200 9366 C6B6 5A31 9071 BD68","1584858132161875","926.25","-60.5","6.06229207372405"
"E200 9366 C6B6 6C31 9071 BDB0","1584858132167138","926.25","-52.5","2.7673013413457"
"E200 9366 C6B6 7BF1 9071 BDEF","1584858132170351","926.25","-62","1.89293229225088"
"E200 9366 C6B6 5D71 9071 BD75","1584858132174284","926.25","-60.5","5.9395736106932"
"E200 9366 C6B6 55F1 9071 BD57","1584858132178223","926.25","-52.5","0.184077694546277"
"E200 9366 C6B6 65B1 9071 BD96","1584858132181702","926.25","-58.5","0.150330117212793"
"E200 9366 C6B6 65B1 9071 BD96","1584858132187734","926.25","-58.5","0.101242732000452"
"E200 9366 C6B6 5D71 9071 BD75","1584858132191210","926.25","-60.5","5.982525072754"
"E200 9366 C6B6 5A31 9071 BD68","1584858132195459","926.25","-60.5","5.8966221486324"
"E200 9366 C6B6 6C31 9071 BDB0","1584858132199525","926.25","-53","2.64151491673907"
"E200 9366 C6B6 55F1 9071 BD57","1584858132203010","926.25","-53","0.0398835004850267"
"E200 9366 C6B6 63B1 9071 BD8E","1584858132206704","926.25","-63","0.340543734910612"
"E200 9366 C6B6 7BF1 9071 BDEF","1584858132211037","926.25","-62","4.92101036753714"
"E200 9366 C6B6 5D71 9071 BD75","1584858132247156","924.75","-61","0.107378655151995"
"E200 9366 C6B6 7BF1 9071 BDEF","1584858132251083","924.75","-62","5.42108810438786"
"E200 9366 C6B6 55F1 9071 BD57","1584858132254730","924.75","-53.5","0.401902966426038"
"E200 9366 C6B6 6C31 9071 BDB0","1584858132261269","924.75","-54","5.84753476342006"
"E200 9366 C6B6 5A31 9071 BD68","1584858132265059","924.75","-60.5","6.10217557420908"
"E200 9366 C6B6 65B1 9071 BD96","1584858132268514","924.75","-60.5","0.539961237335746"
"E200 9366 C6B6 5A31 9071 BD68","1584858132275952","924.75","-60","6.01934061166326"
"E200 9366 C6B6 6C31 9071 BDB0","1584858132279586","924.75","-54","5.71254445408613"
"E200 9366 C6B6 55F1 9071 BD57","1584858132283451","924.75","-54","0.273048580243644"
"E200 9366 C6B6 65B1 9071 BD96","1584858132287451","924.75","-61","3.61405873625857"
"E200 9366 C6B6 7BF1 9071 BDEF","1584858132294655","924.75","-61","5.50699102850945"
"E200 9366 C6B6 5D71 9071 BD75","1584858132297975","924.75","-62","6.24023384511879"
"E200 9366 C6B6 65B1 9071 BD96","1584858132333537","924.75","-61.5","0.463262197941464"
"E200 9366 C6B6 5D71 9071 BD75","1584858132337724","924.75","-62","0.0644271930911969"
"E200 9366 C6B6 55F1 9071 BD57","1584858132341905","924.75","-55","0.196349540849362"
"E200 9366 C6B6 6C31 9071 BDB0","1584858132345590","924.75","-55.5","5.39040848863014"
"E200 9366 C6B6 7BF1 9071 BDEF","1584858132350153","924.75","-59.5","5.59596191420682"
"E200 9366 C6B6 5A31 9071 BD68","1584858132353477","924.75","-59.5","5.82299107081389"
"E200 9366 C6B6 6C31 9071 BDB0","1584858132358705","924.75","-55.5","5.30143760293278"
"E200 9366 C6B6 65B1 9071 BD96","1584858132363066","924.75","-62.5","0.408038889577581"
"E200 9366 C6B6 5A31 9071 BD68","1584858132366933","924.75","-60","5.7800396087531"
"E200 9366 C6B6 55F1 9071 BD57","1584858132379048","924.75","-55.5","0.0920388472731385"
"E200 9366 C6B6 7BF1 9071 BDEF","1584858132382218","924.75","-59","5.66959299202533"
"E200 9366 C6B6 5D71 9071 BD75","1584858132385340","924.75","-63","6.21875811408839"
"E200 9366 C6B6 6C31 9071 BDB0","1584858132420628","924.75","-57.5","5.2032628325081"
"E200 9366 C6B6 55F1 9071 BD57","1584858132424946","924.75","-56","3.15386449989288"
"E200 9366 C6B6 65B1 9071 BD96","1584858132428935","924.75","-63","0.604388430426943"
"E200 9366 C6B6 7BF1 9071 BDEF","1584858132434573","924.75","-58.5","5.90582603335972"
"E200 9366 C6B6 5A31 9071 BD68","1584858132448758","927.75","-61.5","4.83817540499131"
"E200 9366 C6B6 7BF1 9071 BDEF","1584858132453422","927.75","-58.5","5.06520456159839"
"E200 9366 C6B6 55F1 9071 BD57","1584858132458786","927.75","-56.5","5.6082337605099"
"E200 9366 C6B6 5A31 9071 BD68","1584858132462255","927.75","-61.5","4.89033075177942"
"E200 9366 C6B6 6C31 9071 BDB0","1584858132466354","927.75","-59.5","4.62648605626309"
"E200 9366 C6B6 7BF1 9071 BDEF","1584858132509347","927.75","-57.5","5.23087448669004"
"E200 9366 C6B6 55F1 9071 BD57","1584858132512856","927.75","-57.5","5.67572891517687"
"E200 9366 C6B6 7BF1 9071 BDEF","1584858132520760","927.75","-58","5.21860264038695"
"E200 9366 C6B6 55F1 9071 BD57","1584858132525235","927.75","-57.5","5.63277745311607"
"E200 9366 C6B6 7BF1 9071 BDEF","1584858132563379","927.75","-57.5","5.42108810438786"
"E200 9366 C6B6 55F1 9071 BD57","1584858132567212","927.75","-57.5","5.68493279990419"
"E200 9366 C6B6 7BF1 9071 BDEF","1584858132575704","927.75","-57","5.51005899008522"
"E200 9366 C6B6 55F1 9071 BD57","1584858132579779","927.75","-58","5.6941366846315"
"E200 9366 C6B6 55F1 9071 BD57","1584858132617859","927.75","-58","5.75549591614693"
"E200 9366 C6B6 7BF1 9071 BDEF","1584858132621210","927.75","-57","5.70947649251036"
"E200 9366 C6B6 7BF1 9071 BDEF","1584858132629315","927.75","-57","5.68800076147996"
"E200 9366 C6B6 55F1 9071 BD57","1584858132632736","927.75","-58","5.85060272499584"
"E200 9366 C6B6 7BF1 9071 BDEF","1584858132715219","922.25","-56.5","1.65669925091649"
"E200 9366 C6B6 5D71 9071 BD75","1584858132719081","922.25","-62.5","5.20633079408387"
"E200 9366 C6B6 55F1 9071 BD57","1584858132723913","922.25","-57.5","0.825281663882475"
"E200 9366 C6B6 55F1 9071 BD57","1584858132729982","922.25","-57.5","0.834485548609789"
"E200 9366 C6B6 7BF1 9071 BDEF","1584858132735127","922.25","-56","4.90873852123405"
"E200 9366 C6B6 5D71 9071 BD75","1584858132738582","922.25","-62","5.31677741081163"
"E200 9366 C6B6 55F1 9071 BD57","1584858132774775","922.25","-57","0.914252549579842"
"E200 9366 C6B6 5D71 9071 BD75","1584858132778852","922.25","-61.5","5.35052498814512"
"E200 9366 C6B6 7BF1 9071 BDEF","1584858132782593","922.25","-56","5.25541817929621"
"E200 9366 C6B6 55F1 9071 BD57","1584858132789113","922.25","-57","0.990951588974124"
"E200 9366 C6B6 7BF1 9071 BDEF","1584858132793634","922.25","-56","5.36893275759974"
"E200 9366 C6B6 5D71 9071 BD75","1584858132797272","922.25","-61.5","5.39347645020591"
"E200 9366 C6B6 65B1 9071 BD96","1584858132801059","922.25","-64.5","4.66636955674812"
"E200 9366 C6B6 65B1 9071 BD96","1584858132838007","922.25","-63","4.79522394293051"
"E200 9366 C6B6 7BF1 9071 BDEF","1584858132852533","927.25","-56","1.23638851503583"
"E200 9366 C6B6 55F1 9071 BD57","1584858132856178","927.25","-57.5","0.162601963515878"
"E200 9366 C6B6 5D71 9071 BD75","1584858132868243","927.25","-64.5","4.53137924741418"
"E200 9366 C6B6 55F1 9071 BD57","1584858132873982","927.25","-57","0.21475731030399"
"E200 9366 C6B6 65B1 9071 BD96","1584858132878597","927.25","-62","4.26446659032208"
"E200 9366 C6B6 7BF1 9071 BDEF","1584858132882761","927.25","-56","1.59840798097684"
"E200 9366 C6B6 55F1 9071 BD57","1584858132986190","927.25","-55.5","0.404970928001809"
"E200 9366 C6B6 7BF1 9071 BDEF","1584858132990684","927.25","-56","5.89969011020818"
"E200 9366 C6B6 7BF1 9071 BDEF","1584858132997362","927.25","-56","2.88081591964923"
"E200 9366 C6B6 55F1 9071 BD57","1584858133001053","927.25","-55","0.457126274789921"
"E200 9366 C6B6 5D71 9071 BD75","1584858133009213","927.25","-63.5","4.02516558741192"
"E200 9366 C6B6 7BF1 9071 BDEF","1584858133051061","925.25","-55","0.889708856973672"
"E200 9366 C6B6 5D71 9071 BD75","1584858133055679","925.25","-60.5","1.30695163127857"
"E200 9366 C6B6 55F1 9071 BD57","1584858133062874","925.25","-54","1.26706813079354"
"E200 9366 C6B6 65B1 9071 BD96","1584858133066751","925.25","-58.5","4.73693267299086"
"E200 9366 C6B6 6C31 9071 BDB0","1584858133070519","925.25","-58.5","5.00384533008296"
"E200 9366 C6B6 63B1 9071 BD8E","1584858133073773","925.25","-62.5","5.90275807178395"
"E200 9366 C6B6 7BF1 9071 BDEF","1584858133079273","925.25","-55","4.46695205432299"
"E200 9366 C6B6 65B1 9071 BD96","1584858133083872","925.25","-58","4.78295209662743"
"E200 9366 C6B6 55F1 9071 BD57","1584858133087547","925.25","-53.5","4.44854428486836"
"E200 9366 C6B6 5D71 9071 BD75","1584858133091378","925.25","-59.5","1.37137882436976"
"E200 9366 C6B6 6C31 9071 BDB0","1584858133094857","925.25","-58","1.96349540849362"
"E200 9366 C6B6 63B1 9071 BD8E","1584858133098127","925.25","-61","6.16046684414874"
"E200 9366 C6B6 6C31 9071 BDB0","1584858133133745","925.25","-58","5.52233083638831"
"E200 9366 C6B6 7BF1 9071 BDEF","1584858133137512","925.25","-54.5","5.10815602365919"
"E200 9366 C6B6 63B1 9071 BD8E","1584858133141292","925.25","-61","0.276116541819415"
"E200 9366 C6B6 65B1 9071 BD96","1584858133144800","925.25","-57","4.97009775274948"
"E200 9366 C6B6 55F1 9071 BD57","1584858133148671","925.25","-53","1.5493205957645"
"E200 9366 C6B6 5D71 9071 BD75","1584858133152132","925.25","-58.5","4.80135986608206"
"E200 9366 C6B6 7BF1 9071 BDEF","1584858133157697","925.25","-54.5","5.31677741081163"
"E200 9366 C6B6 6C31 9071 BDB0","1584858133161913","925.25","-58.5","5.73095222354076"
"E200 9366 C6B6 5D71 9071 BD75","1584858133165180","925.25","-58","1.65363128934072"
"E200 9366 C6B6 55F1 9071 BD57","1584858133168987","925.25","-53","1.59840798097684"
"E200 9366 C6B6 65B1 9071 BD96","1584858133172767","925.25","-56.5","5.04066086899222"
"E200 9366 C6B6 63B1 9071 BD8E","1584858133176129","925.25","-60","0.564504929941916"
"E200 9366 C6B6 5D71 9071 BD75","1584858133213827","925.25","-58","5.10815602365919"
"E200 9366 C6B6 55F1 9071 BD57","1584858133217468","925.25","-53","4.93635017541599"
"E200 9366 C6B6 7BF1 9071 BDEF","1584858133221381","925.25","-54","6.18807849833068"
"E200 9366 C6B6 65B1 9071 BD96","1584858133224765","925.25","-56.5","5.14803952414421"
"E200 9366 C6B6 6C31 9071 BDB0","1584858133228058","925.25","-59.5","6.04388430426943"
"E200 9366 C6B6 63B1 9071 BD8E","1584858133231282","925.25","-60.5","1.04310693576224"
"E200 9366 C6B6 63B1 9071 BD8E","1584858133237303","925.25","-60.5","1.03697101261069"
"E200 9366 C6B6 5D71 9071 BD75","1584858133241181","925.25","-57.5","5.29223371820546"
"E200 9366 C6B6 65B1 9071 BD96","1584858133252174","923.75","-56.5","5.61743764523722"
"E200 9366 C6B6 55F1 9071 BD57","1584858133255836","923.75","-53.5","5.4486997585698"
"E200 9366 C6B6 7BF1 9071 BDEF","1584858133259611","923.75","-54","0.855961279640188"
"E200 9366 C6B6 6C31 9071 BDB0","1584858133262930","923.75","-62","3.53429173528852"
"E200 9366 C6B6 65B1 9071 BD96","1584858133298930","923.75","-57","5.58982599105528"
"E200 9366 C6B6 5D71 9071 BD75","1584858133302397","923.75","-58","5.89969011020818"
"E200 9366 C6B6 7BF1 9071 BDEF","1584858133306498","923.75","-53.5","1.45728174849136"
"E200 9366 C6B6 55F1 9071 BD57","1584858133310008","923.75","-54.5","5.50085510535791"
"E200 9366 C6B6 55F1 9071 BD57","1584858133315757","923.75","-54.5","5.47631141275174"
"E200 9366 C6B6 65B1 9071 BD96","1584858133320471","923.75","-57","5.6297094915403"
"E200 9366 C6B6 5D71 9071 BD75","1584858133325039","923.75","-58","6.0040008037844"
"E200 9366 C6B6 7BF1 9071 BDEF","1584858133328429","923.75","-53.5","1.7088545977046"
"E200 9366 C6B6 65B1 9071 BD96","1584858133363703","923.75","-58","5.68800076147996"
"E200 9366 C6B6 5D71 9071 BD75","1584858133368069","923.75","-58.5","6.05002022742097"
"E200 9366 C6B6 7BF1 9071 BDEF","1584858133373116","923.75","-53.5","2.27029156607075"
"E200 9366 C6B6 55F1 9071 BD57","1584858133376424","923.75","-55.5","5.47631141275174"
"E200 9366 C6B6 5D71 9071 BD75","1584858133381670","923.75","-58.5","6.089903727906"
"E200 9366 C6B6 65B1 9071 BD96","1584858133386398","923.75","-58","5.7156124156619"
"E200 9366 C6B6 55F1 9071 BD57","1584858133390629","923.75","-55.5","5.47324345117597"
"E200 9366 C6B6 7BF1 9071 BDEF","1584858133394163","923.75","-53.5","2.54640810789016"
"E200 9366 C6B6 7BF1 9071 BDEF","1584858133430967","923.75","-54","6.04081634269366"
"E200 9366 C6B6 65B1 9071 BD96","1584858133434345","923.75","-58","5.61743764523722"
"E200 9366 C6B6 5D71 9071 BD75","1584858133437805","923.75","-58.5","6.09603965105754"
"E200 9366 C6B6 55F1 9071 BD57","1584858133452088","922.75","-56","5.69720464620727"
"E200 9366 C6B6 6C31 9071 BDB0","1584858133455575","922.75","-61","1.62908759673455"
"E200 9366 C6B6 55F1 9071 BD57","1584858133461735","922.75","-56","5.66345706887379"
"E200 9366 C6B6 5D71 9071 BD75","1584858133465605","922.75","-58","0.104310693576224"
"E200 9366 C6B6 65B1 9071 BD96","1584858133469467","922.75","-58","5.83526291711698"
"E200 9366 C6B6 7BF1 9071 BDEF","1584858133473424","922.75","-54","0.417242774304894"
"E200 9366 C6B6 6C31 9071 BDB0","1584858133476437","922.75","-60","1.54625263418873"
"E200 9366 C6B6 5D71 9071 BD75","1584858133511956","922.75","-58","0.251572849213245"
"E200 9366 C6B6 7BF1 9071 BDEF","1584858133517086","922.75","-54.5","0.754718547639735"
"E200 9366 C6B6 6C31 9071 BDB0","1584858133520952","922.75","-59","4.73693267299086"
"E200 9366 C6B6 55F1 9071 BD57","1584858133524411","922.75","-56","5.54380656741871"
"E200 9366 C6B6 65B1 9071 BD96","1584858133527750","922.75","-58.5","5.86901049445046"
"E200 9366 C6B6 55F1 9071 BD57","1584858133533371","922.75","-56.5","5.54994249057025"
"E200 9366 C6B6 6C31 9071 BDB0","1584858133539386","922.75","-58.5","1.54625263418873"
"E200 9366 C6B6 7BF1 9071 BDEF","1584858133542937","922.75","-54.5","4.07425297262426"
"E200 9366 C6B6 5D71 9071 BD75","1584858133546864","922.75","-58","0.230097118182846"
"E200 9366 C6B6 65B1 9071 BD96","1584858133550333","922.75","-58.5","5.82912699396544"
"E200 9366 C6B6 7BF1 9071 BDEF","1584858133586863","922.75","-54.5","4.33502970656482"
"E200 9366 C6B6 65B1 9071 BD96","1584858133591057","922.75","-59","5.78310757032887"
"E200 9366 C6B6 6C31 9071 BDB0","1584858133594745","922.75","-57.5","4.90873852123405"
"E200 9366 C6B6 5D71 9071 BD75","1584858133599434","922.75","-58","0.365087427516783"
"E200 9366 C6B6 55F1 9071 BD57","1584858133602898","922.75","-57","5.39040848863014"
"E200 9366 C6B6 6C31 9071 BDB0","1584858133609718","922.75","-57.5","4.95475794487062"
"E200 9366 C6B6 5D71 9071 BD75","1584858133613396","922.75","-58.5","0.33440781175907"
"E200 9366 C6B6 55F1 9071 BD57","1584858133617227","922.75","-57","5.32904925711472"
"E200 9366 C6B6 7BF1 9071 BDEF","1584858133620971","922.75","-54.5","1.41126232485479"
"E200 9366 C6B6 65B1 9071 BD96","1584858133624244","922.75","-59.5","5.72788426196498"
"E200 9366 C6B6 7BF1 9071 BDEF","1584858133660299","924.25","-55","4.30435009080711"
"E200 9366 C6B6 65B1 9071 BD96","1584858133664160","924.25","-60.5","5.14190360099267"
"E200 9366 C6B6 5D71 9071 BD75","1584858133668430","924.25","-58.5","0.0337475773334841"
"E200 9366 C6B6 6C31 9071 BDB0","1584858133671928","924.25","-57.5","1.49102932582484"
"E200 9366 C6B6 55F1 9071 BD57","1584858133675410","924.25","-58","1.60454390412838"
"E200 9366 C6B6 63B1 9071 BD8E","1584858133678639","924.25","-64","5.82605903238967"
"E200 9366 C6B6 65B1 9071 BD96","1584858133684183","924.25","-60.5","5.14190360099267"
"E200 9366 C6B6 63B1 9071 BD8E","1584858133688350","924.25","-64.5","2.4574372221928"
"E200 9366 C6B6 55F1 9071 BD57","1584858133691704","924.25","-58","4.61114624838424"
"E200 9366 C6B6 6C31 9071 BDB0","1584858133695574","924.25","-57","4.75840840402126"
"E200 9366 C6B6 7BF1 9071 BDEF","1584858133699559","924.25","-55","4.51297147795956"
"E200 9366 C6B6 5D71 9071 BD75","1584858133702691","924.25","-59","6.2494377298461"
"E200 9366 C6B6 6C31 9071 BDB0","1584858133738582","924.25","-57.5","1.80702936812929"
"E200 9366 C6B6 65B1 9071 BD96","1584858133742234","924.25","-61","5.00691329165873"
"E200 9366 C6B6 63B1 9071 BD8E","1584858133746583","924.25","-63","6.06536003529983"
"E200 9366 C6B6 7BF1 9071 BDEF","1584858133750179","924.25","-55","4.65716567202081"
"E200 9366 C6B6 55F1 9071 BD57","1584858133753634","924.25","-57.5","1.17809724509617"
"E200 9366 C6B6 5D71 9071 BD75","1584858133756914","924.25","-60","6.17580665202759"
"E200 9366 C6B6 65B1 9071 BD96","1584858133762050","924.25","-61.5","4.98236959905256"
"E200 9366 C6B6 7BF1 9071 BDEF","1584858133766176","924.25","-55","4.66943751832389"
"E200 9366 C6B6 6C31 9071 BDB0","1584858133769824","924.25","-57.5","5.10815602365919"
"E200 9366 C6B6 5D71 9071 BD75","1584858133773654","924.25","-60","6.16967072887605"
"E200 9366 C6B6 55F1 9071 BD57","1584858133777717","924.25","-57.5","1.10446616727766"
"E200 9366 C6B6 63B1 9071 BD8E","1584858133780928","924.25","-62.5","6.26477753772496"
"E200 9366 C6B6 63B1 9071 BD8E","1584858133816661","924.25","-62.5","0.282252464970958"
"E200 9366 C6B6 55F1 9071 BD57","1584858133820915","924.25","-57.5","1.01856324315607"
"E200 9366 C6B6 7BF1 9071 BDEF","1584858133824475","924.25","-55.5","4.75840840402126"
"E200 9366 C6B6 6C31 9071 BDB0","1584858133827964","924.25","-57","5.28916575662969"
"E200 9366 C6B6 6C31 9071 BDB0","1584858133834221","924.25","-58","5.33211721869049"
"E200 9366 C6B6 7BF1 9071 BDEF","1584858133839334","924.25","-56","4.75840840402126"
"E200 9366 C6B6 55F1 9071 BD57","1584858133843315","924.25","-57","0.948000126913326"
"E200 9366 C6B6 63B1 9071 BD8E","1584858133846686","924.25","-62","0.316000042304442"
"E200 9366 C6B6 6C31 9071 BDB0","1584858133888635","926.75","-57.5","1.53398078788564"
"E200 9366 C6B6 7BF1 9071 BDEF","1584858133892770","926.75","-57","0.972543819519497"
"E200 9366 C6B6 5D71 9071 BD75","1584858133900805","926.75","-61.5","5.41495218123631"
"E200 9366 C6B6 63B1 9071 BD8E","1584858133905034","926.75","-61","5.94570953384475"
"E200 9366 C6B6 55F1 9071 BD57","1584858133908455","926.75","-57.5","0.159534001940107"
"E200 9366 C6B6 65B1 9071 BD96","1584858133911736","926.75","-62","4.13561220413969"
"E200 9366 C6B6 65B1 9071 BD96","1584858133918336","926.75","-61.5","1.01242732000452"
"E200 9366 C6B6 6C31 9071 BDB0","1584858133922193","926.75","-57.5","1.60454390412838"
"E200 9366 C6B6 7BF1 9071 BDEF","1584858133925947","926.75","-57.5","0.843689433337103"
"E200 9366 C6B6 55F1 9071 BD57","1584858133929590","926.75","-57","0.168737886667421"
"E200 9366 C6B6 63B1 9071 BD8E","1584858133933224","926.75","-61.5","6.09910761263331"
"E200 9366 C6B6 5D71 9071 BD75","1584858133936396","926.75","-61.5","5.44256383541826"
"E200 9366 C6B6 7BF1 9071 BDEF","1584858133972647","926.75","-57.5","0.552233083638831"
"E200 9366 C6B6 6C31 9071 BDB0","1584858133976503","926.75","-57.5","4.81056375080937"
"E200 9366 C6B6 55F1 9071 BD57","1584858133980563","926.75","-57","0.187145656122048"
"E200 9366 C6B6 65B1 9071 BD96","1584858133983986","926.75","-62","4.36264136074676"
"E200 9366 C6B6 63B1 9071 BD8E","1584858133987201","926.75","-61","2.86854407334615"
"E200 9366 C6B6 7BF1 9071 BDEF","1584858133994038","926.75","-58","0.404970928001809"
"E200 9366 C6B6 63B1 9071 BD8E","1584858133997823","926.75","-61","5.99786488063286"
"E200 9366 C6B6 55F1 9071 BD57","1584858134001549","926.75","-57.5","0.199417502425133"
"E200 9366 C6B6 65B1 9071 BD96","1584858134004685","926.75","-61.5","1.24866036133891"
"E200 9366 C6B6 6C31 9071 BDB0","1584858134007688","926.75","-57","4.81976763553668"
"E200 9366 C6B6 65B1 9071 BD96","1584858134043471","926.75","-62","4.5620588631719"
"E200 9366 C6B6 6C31 9071 BDB0","1584858134046764","926.75","-57","4.90567055965828"
"E200 9366 C6B6 55F1 9071 BD57","1584858134061972","925.75","-57","0.708699124003166"
"E200 9366 C6B6 7BF1 9071 BDEF","1584858134066473","925.75","-58.5","6.20341830620953"
"E200 9366 C6B6 7BF1 9071 BDEF","1584858134072211","925.75","-58","6.18194257517913"
"E200 9366 C6B6 6C31 9071 BDB0","1584858134077475","925.75","-57","5.25235021772044"
"E200 9366 C6B6 55F1 9071 BD57","1584858134081507","925.75","-57","0.782330201821677"
"E200 9366 C6B6 65B1 9071 BD96","1584858134086442","925.75","-61.5","4.80442782765783"
"E200 9366 C6B6 65B1 9071 BD96","1584858134122395","925.75","-61","4.8933987133552"
"E200 9366 C6B6 63B1 9071 BD8E","1584858134126188","925.75","-61","6.04388430426943"
"E200 9366 C6B6 55F1 9071 BD57","1584858134129859","925.75","-56.5","0.877437010670587"
"E200 9366 C6B6 7BF1 9071 BDEF","1584858134133609","925.75","-59.5","5.39654441178169"
"E200 9366 C6B6 6C31 9071 BDB0","1584858134136904","925.75","-56.5","5.1817871014777"
"E200 9366 C6B6 63B1 9071 BD8E","1584858134143481","925.75","-61","5.98866099590554"
"E200 9366 C6B6 7BF1 9071 BDEF","1584858134147120","925.75","-60","5.28302983347815"
"E200 9366 C6B6 65B1 9071 BD96","1584858134150806","925.75","-60","4.8504472512944"
"E200 9366 C6B6 6C31 9071 BDB0","1584858134154688","925.75","-56","5.1388356394169"
"E200 9366 C6B6 55F1 9071 BD57","1584858134158200","925.75","-56","0.855961279640188"
"E200 9366 C6B6 65B1 9071 BD96","1584858134194858","925.75","-59.5","4.74000063456663"
"E200 9366 C6B6 7BF1 9071 BDEF","1584858134198235","925.75","-61","1.40512640170325"
"E200 9366 C6B6 55F1 9071 BD57","1584858134201892","925.75","-55.5","0.831417587034017"
"E200 9366 C6B6 63B1 9071 BD8E","1584858134205651","925.75","-61.5","5.84139884026852"
"E200 9366 C6B6 6C31 9071 BDB0","1584858134208979","925.75","-55.5","1.8591847149174"
"E200 9366 C6B6 55F1 9071 BD57","1584858134214621","925.75","-55.5","0.81300981757939"
"E200 9366 C6B6 7BF1 9071 BDEF","1584858134219377","925.75","-61.5","1.20570889927811"
"E200 9366 C6B6 63B1 9071 BD8E","1584858134222792","925.75","-61","2.61390326255713"
"E200 9366 C6B6 6C31 9071 BDB0","1584858134226483","925.75","-55.5","4.86885502074902"
"E200 9366 C6B6 65B1 9071 BD96","1584858134229988","925.75","-59","4.60807828680847"
"E200 9366 C6B6 65B1 9071 BD96","1584858134265696","923.25","-59","5.3198453723874"
"E200 9366 C6B6 63B1 9071 BD8E","1584858134269660","923.25","-61.5","0.0552233083638831"
"E200 9366 C6B6 7BF1 9071 BDEF","1584858134273863","923.25","-62.5","0.926524395882927"
"E200 9366 C6B6 55F1 9071 BD57","1584858134277536","923.25","-55","1.42353417115788"
"E200 9366 C6B6 6C31 9071 BDB0","1584858134281015","923.25","-55","5.47631141275174"
"E200 9366 C6B6 5D71 9071 BD75","1584858134284346","923.25","-63.5","5.89969011020818"
"E200 9366 C6B6 5D71 9071 BD75","1584858134289850","923.25","-63","5.89969011020818"
"E200 9366 C6B6 65B1 9071 BD96","1584858134293899","923.25","-59","5.17258321675038"
"E200 9366 C6B6 7BF1 9071 BDEF","1584858134298488","923.25","-63","0.785398163397448"
"E200 9366 C6B6 63B1 9071 BD8E","1584858134303045","923.25","-60.5","6.18501053675491"
"E200 9366 C6B6 6C31 9071 BDB0","1584858134306217","923.25","-54.5","5.29223371820546"
"E200 9366 C6B6 55F1 9071 BD57","1584858134310247","923.25","-55","4.47922390062607"
"E200 9366 C6B6 55F1 9071 BD57","1584858134345712","923.25","-55","4.4332044769895"
"E200 9366 C6B6 5A31 9071 BD68","1584858134349924","923.25","-62","4.02209762583615"
"E200 9366 C6B6 63B1 9071 BD8E","1584858134353683","923.25","-60.5","6.00093284220863"
"E200 9366 C6B6 6C31 9071 BDB0","1584858134358000","923.25","-54","5.1603113704473"
"E200 9366 C6B6 65B1 9071 BD96","1584858134361482","923.25","-59","1.94201967746322"
"E200 9366 C6B6 7BF1 9071 BDEF","1584858134383899","923.25","-64.5","5.64811726099493"
"E200 9366 C6B6 65B1 9071 BD96","1584858134390537","923.25","-59","5.20939875565964"
"E200 9366 C6B6 6C31 9071 BDB0","1584858134394209","923.25","-54","5.17871913990192"
"E200 9366 C6B6 55F1 9071 BD57","1584858134398041","923.25","-55","4.50069963165647"
"E200 9366 C6B6 63B1 9071 BD8E","1584858134401768","923.25","-60","6.03468041954211"
"E200 9366 C6B6 65B1 9071 BD96","1584858134468362","926.25","-58","4.59273847892961"
"E200 9366 C6B6 6C31 9071 BDB0","1584858134472263","926.25","-53","4.24299085929168"
"E200 9366 C6B6 55F1 9071 BD57","1584858134476282","926.25","-55.5","0.941864203761784"
"E200 9366 C6B6 63B1 9071 BD8E","1584858134480192","926.25","-59.5","5.04372883056799"
"E200 9366 C6B6 5D71 9071 BD75","1584858134483887","926.25","-60","5.82299107081389"
"E200 9366 C6B6 55F1 9071 BD57","1584858134488906","926.25","-55.5","1.03390305103492"
"E200 9366 C6B6 5D71 9071 BD75","1584858134493846","926.25","-60","5.92116584123858"
"E200 9366 C6B6 6C31 9071 BDB0","1584858134497147","926.25","-53","4.25526270559477"
"E200 9366 C6B6 65B1 9071 BD96","1584858134501130","926.25","-57","1.56466040364335"
"E200 9366 C6B6 63B1 9071 BD8E","1584858134504705","926.25","-60","5.14190360099267"
"E200 9366 C6B6 7BF1 9071 BDEF","1584858134507931","926.25","-64","5.97025322645092"
"E200 9366 C6B6 7BF1 9071 BDEF","1584858134544005","926.25","-64","5.28609779505392"
"E200 9366 C6B6 5D71 9071 BD75","1584858134549054","926.25","-58.5","5.83219495554121"
"E200 9366 C6B6 6C31 9071 BDB0","1584858134552891","926.25","-52.5","4.19083551250357"
"E200 9366 C6B6 65B1 9071 BD96","1584858134557563","926.25","-55.5","4.73386471141509"
"E200 9366 C6B6 55F1 9071 BD57","1584858134561061","926.25","-54","1.25786424606623"
"E200 9366 C6B6 63B1 9071 BD8E","1584858134564280","926.25","-60","4.99157348377988"
"E200 9366 C6B6 65B1 9071 BD96","1584858134569838","926.25","-55","4.72466082668778"
"E200 9366 C6B6 6C31 9071 BDB0","1584858134573709","926.25","-52.5","4.14788405044277"
"E200 9366 C6B6 63B1 9071 BD8E","1584858134577504","926.25","-60","1.84077694546277"
"E200 9366 C6B6 5D71 9071 BD75","1584858134581225","926.25","-57.5","5.69720464620727"
"E200 9366 C6B6 7BF1 9071 BDEF","1584858134584961","926.25","-63.5","4.8719229823248"
"E200 9366 C6B6 55F1 9071 BD57","1584858134588274","926.25","-53.5","4.42706855383796"
"E200 9366 C6B6 63B1 9071 BD8E","1584858134623528","926.25","-60","1.72726236715923"
"E200 9366 C6B6 7BF1 9071 BDEF","1584858134627544","926.25","-63","4.57739867105075"
"E200 9366 C6B6 55F1 9071 BD57","1584858134631396","926.25","-52.5","1.28854386182394"
"E200 9366 C6B6 65B1 9071 BD96","1584858134635485","926.25","-54","1.43887397903673"
"E200 9366 C6B6 6C31 9071 BDB0","1584858134638965","926.25","-52.5","4.08652481892735"
"E200 9366 C6B6 5D71 9071 BD75","1584858134642462","926.25","-57","5.36893275759974"
"E200 9366 C6B6 63B1 9071 BD8E","1584858134647515","926.25","-60","1.69658275140152"
"E200 9366 C6B6 5D71 9071 BD75","1584858134651628","926.25","-57","5.40268033493323"
"E200 9366 C6B6 6C31 9071 BDB0","1584858134666739","924.75","-52","4.41786466911065"
"E200 9366 C6B6 65B1 9071 BD96","1584858134670363","924.75","-54","1.71192255928038"
"E200 9366 C6B6 55F1 9071 BD57","1584858134674157","924.75","-52","4.78908801977897"
"E200 9366 C6B6 7BF1 9071 BDEF","1584858134677532","924.75","-62.5","1.43273805588519"
"E200 9366 C6B6 6C31 9071 BDB0","1584858134713787","924.75","-52","4.28594232135248"
"E200 9366 C6B6 63B1 9071 BD8E","1584858134717362","924.75","-59.5","1.82236917600814"
"E200 9366 C6B6 55F1 9071 BD57","1584858134721056","924.75","-52","4.67557344147543"
"E200 9366 C6B6 7BF1 9071 BDEF","1584858134724784","924.75","-62","1.04310693576224"
"E200 9366 C6B6 5D71 9071 BD75","1584858134728426","924.75","-56.5","5.28609779505392"
"E200 9366 C6B6 65B1 9071 BD96","1584858134731925","924.75","-53.5","1.45728174849136"
"E200 9366 C6B6 7BF1 9071 BDEF","1584858134737291","924.75","-62","0.914252549579842"
"E200 9366 C6B6 65B1 9071 BD96","1584858134742824","924.75","-53.5","1.41433028643056"
"E200 9366 C6B6 5D71 9071 BD75","1584858134746912","924.75","-56","5.04066086899222"
"E200 9366 C6B6 55F1 9071 BD57","1584858134750403","924.75","-51.5","4.60807828680847"
"E200 9366 C6B6 63B1 9071 BD8E","1584858134753943","924.75","-59.5","4.8933987133552"
"E200 9366 C6B6 6C31 9071 BDB0","1584858134757299","924.75","-52","4.1233403578366"
"E200 9366 C6B6 63B1 9071 BD8E","1584858134793954","924.75","-59.5","1.54011671103718"
"E200 9366 C6B6 55F1 9071 BD57","1584858134797464","924.75","-51.5","4.38718505335293"
"E200 9366 C6B6 6C31 9071 BDB0","1584858134801271","924.75","-52","3.90858304753261"
"E200 9366 C6B6 65B1 9071 BD96","1584858134804939","924.75","-54","1.15048559091423"
"E200 9366 C6B6 5D71 9071 BD75","1584858134808411","924.75","-56.5","4.48229186220184"
"E200 9366 C6B6 7BF1 9071 BDEF","1584858134811606","924.75","-62","0.184077694546277"
"E200 9366 C6B6 65B1 9071 BD96","1584858134816538","924.75","-54.5","1.04310693576224"
"E200 9366 C6B6 55F1 9071 BD57","1584858134820688","924.75","-51.5","4.33196174498905"
"E200 9366 C6B6 7BF1 9071 BDEF","1584858134824721","924.75","-61","0.337475773334841"
"E200 9366 C6B6 6C31 9071 BDB0","1584858134828183","924.75","-52.5","0.656543777215054"
"E200 9366 C6B6 5D71 9071 BD75","1584858134832027","924.75","-57","1.2394564766116"
"E200 9366 C6B6 63B1 9071 BD8E","1584858134835425","924.75","-60","4.49149574692916"
