"EPC","Timestamp","ChannelInMhz","PeakRssiInDbm","PhaseAngleInRadians"
"E200 9366 C6B6 5D71 9071 BD75","1583487540994984","926.25","-51","5.80765126293504"
"E200 9366 C6B6 7571 9071 BDD5","1583487540999065","926.25","-49.5","1.22104870715697"
"E200 9366 C6B6 7371 9071 BDCD","1583487541002893","926.25","-39","0.619728238305799"
"E200 9366 C6B6 5A31 9071 BD68","1583487541006765","926.25","-43","3.83188400813833"
"E200 9366 C6B6 7BF1 9071 BDEF","1583487541011235","926.25","-50","0.398835004850267"
"E200 9366 C6B6 63B1 9071 BD8E","1583487541015401","926.25","-47","4.38718505335293"
"E200 9366 C6B6 7BB1 9071 BDEE","1583487541018999","926.25","-45","1.25479628449045"
"E200 9366 C6B6 65B1 9071 BD96","1583487541022274","926.25","-44","5.39961237335746"
"E200 9366 C6B6 6571 9071 BD95","1583487541026050","926.25","-48.5","0.156466040364335"
"E200 9366 C6B6 5771 9071 BD5D","1583487541029629","926.25","-53","5.89355418705663"
"E200 9366 C6B6 5571 9071 BD55","1583487541032846","926.25","-49.5","5.51926287481254"
"E200 9366 C6B6 55F1 9071 BD57","1583487541037287","926.25","-51","5.61130172208568"
"E200 9366 C6B6 6C31 9071 BDB0","1583487541041505","926.25","-54","4.13868016571546"
"E200 9366 C6B6 6BF1 9071 BDAF","1583487541044838","926.25","-55","5.01918513796182"
"E200 9366 C6B6 65B1 9071 BD96","1583487541051311","926.25","-44","5.41188421966054"
"E200 9366 C6B6 7BF1 9071 BDEF","1583487541054845","926.25","-50","3.60178688995549"
"E200 9366 C6B6 63B1 9071 BD8E","1583487541058556","926.25","-47","1.28854386182394"
"E200 9366 C6B6 7371 9071 BDCD","1583487541062254","926.25","-39","0.644271930911969"
"E200 9366 C6B6 5A31 9071 BD68","1583487541066098","926.25","-43","0.678019508245453"
"E200 9366 C6B6 7BB1 9071 BDEE","1583487541069788","926.25","-45","1.27013609236931"
"E200 9366 C6B6 7571 9071 BDD5","1583487541073910","926.25","-49.5","1.23332055346006"
"E200 9366 C6B6 6571 9071 BD95","1583487541077982","926.25","-48.5","3.31339850183298"
"E200 9366 C6B6 5571 9071 BD55","1583487541081387","926.25","-49.5","5.51005899008522"
"E200 9366 C6B6 6C31 9071 BDB0","1583487541086384","926.25","-54","4.08345685735158"
"E200 9366 C6B6 55F1 9071 BD57","1583487541090039","926.25","-51","5.59902987578259"
"E200 9366 C6B6 5D71 9071 BD75","1583487541093790","926.25","-51.5","5.84139884026852"
"E200 9366 C6B6 5771 9071 BD5D","1583487541097188","926.25","-53","5.97638914960246"
"E200 9366 C6B6 6BF1 9071 BDAF","1583487541100280","926.25","-55","4.96396182959793"
"E200 9366 C6B6 7BB1 9071 BDEE","1583487541136174","926.25","-45","1.27933997709662"
"E200 9366 C6B6 55F1 9071 BD57","1583487541140022","926.25","-51","5.63277745311607"
"E200 9366 C6B6 5A31 9071 BD68","1583487541143991","926.25","-43","3.8349519697141"
"E200 9366 C6B6 63B1 9071 BD8E","1583487541147998","926.25","-47","4.41786466911065"
"E200 9366 C6B6 7371 9071 BDCD","1583487541151509","926.25","-39","3.78586458450176"
"E200 9366 C6B6 65B1 9071 BD96","1583487541155499","926.25","-44","5.4272240275394"
"E200 9366 C6B6 6571 9071 BD95","1583487541158793","926.25","-48.5","0.233165079758617"
"E200 9366 C6B6 5571 9071 BD55","1583487541162790","926.25","-49.5","5.57141822160065"
"E200 9366 C6B6 6C31 9071 BDB0","1583487541165934","926.25","-54.5","4.11720443468506"
"E200 9366 C6B6 7571 9071 BDD5","1583487541169800","926.25","-49.5","1.20570889927811"
"E200 9366 C6B6 7BF1 9071 BDEF","1583487541173683","926.25","-50","0.411106851153352"
"E200 9366 C6B6 5D71 9071 BD75","1583487541177012","926.25","-51.5","5.83526291711698"
"E200 9366 C6B6 5771 9071 BD5D","1583487541180608","926.25","-52.5","5.95184545699629"
"E200 9366 C6B6 6BF1 9071 BDAF","1583487541195403","926.75","-55.5","4.828971520264"
"E200 9366 C6B6 55F1 9071 BD57","1583487541200237","926.75","-51","5.52233083638831"
"E200 9366 C6B6 65B1 9071 BD96","1583487541204618","926.75","-44","5.28916575662969"
"E200 9366 C6B6 6571 9071 BD95","1583487541208409","926.75","-48.5","0.00613592315154256"
"E200 9366 C6B6 7BF1 9071 BDEF","1583487541212324","926.75","-50","3.42384511856075"
"E200 9366 C6B6 5A31 9071 BD68","1583487541216094","926.75","-43","3.68768981407708"
"E200 9366 C6B6 7BB1 9071 BDEE","1583487541219293","926.75","-45","1.13514578303537"
"E200 9366 C6B6 7371 9071 BDCD","1583487541223197","926.75","-39","0.487805890547634"
"E200 9366 C6B6 5571 9071 BD55","1583487541226395","926.75","-49.5","5.35666091129666"
"E200 9366 C6B6 63B1 9071 BD8E","1583487541230229","926.75","-47","4.28594232135248"
"E200 9366 C6B6 7571 9071 BDD5","1583487541233293","926.75","-49.5","4.29821416765557"
"E200 9366 C6B6 5771 9071 BD5D","1583487541236836","926.75","-52.5","5.76163183929847"
"E200 9366 C6B6 5D71 9071 BD75","1583487541240118","926.75","-51.5","5.6941366846315"
"E200 9366 C6B6 6C31 9071 BDB0","1583487541243434","926.75","-54","0.929592357458699"
"E200 9366 C6B6 6BF1 9071 BDAF","1583487541246709","926.75","-55","4.85351521287017"
"E200 9366 C6B6 6BF1 9071 BDAF","1583487541282541","926.75","-55","4.82590355868823"
"E200 9366 C6B6 5571 9071 BD55","1583487541286698","926.75","-49.5","5.37813664232706"
"E200 9366 C6B6 7BB1 9071 BDEE","1583487541290893","926.75","-45","1.17196132194463"
"E200 9366 C6B6 7371 9071 BDCD","1583487541294206","926.75","-39","3.62939854413743"
"E200 9366 C6B6 63B1 9071 BD8E","1583487541298519","926.75","-47","1.11980597515652"
"E200 9366 C6B6 65B1 9071 BD96","1583487541302243","926.75","-44","5.27075798717506"
"E200 9366 C6B6 5A31 9071 BD68","1583487541306054","926.75","-43","3.64780631359205"
"E200 9366 C6B6 55F1 9071 BD57","1583487541310369","926.75","-51","5.55607841372179"
"E200 9366 C6B6 5771 9071 BD5D","1583487541314104","926.75","-52.5","5.7370881466923"
"E200 9366 C6B6 6571 9071 BD95","1583487541318241","926.75","-48.5","6.28011734560381"
"E200 9366 C6B6 7BF1 9071 BDEF","1583487541321971","926.75","-50","0.35895150436524"
"E200 9366 C6B6 6C31 9071 BDB0","1583487541326383","926.75","-54","4.03436947213924"
"E200 9366 C6B6 7571 9071 BDD5","1583487541329759","926.75","-49.5","4.25833066717054"
"E200 9366 C6B6 5D71 9071 BD75","1583487541332900","926.75","-51.5","2.56788383892056"
"E200 9366 C6B6 63B1 9071 BD8E","1583487541338719","926.75","-47","4.25526270559477"
"E200 9366 C6B6 7371 9071 BDCD","1583487541342796","926.75","-39","3.62633058256166"
"E200 9366 C6B6 6571 9071 BD95","1583487541347199","926.75","-48.5","0.00920388472731385"
"E200 9366 C6B6 7BF1 9071 BDEF","1583487541350515","926.75","-50","0.306796157577128"
"E200 9366 C6B6 5A31 9071 BD68","1583487541354444","926.75","-43","3.67235000619822"
"E200 9366 C6B6 7BB1 9071 BDEE","1583487541357649","926.75","-45","1.21184482242966"
"E200 9366 C6B6 65B1 9071 BD96","1583487541361537","926.75","-44","5.30450556450855"
"E200 9366 C6B6 5D71 9071 BD75","1583487541364799","926.75","-51.5","2.56174791576902"
"E200 9366 C6B6 5571 9071 BD55","1583487541368794","926.75","-49.5","5.36893275759974"
"E200 9366 C6B6 5771 9071 BD5D","1583487541371858","926.75","-52.5","5.76469980087424"
"E200 9366 C6B6 7571 9071 BDD5","1583487541375698","926.75","-50","4.2736704750494"
"E200 9366 C6B6 55F1 9071 BD57","1583487541379003","926.75","-51","5.55914637529756"
"E200 9366 C6B6 6C31 9071 BDB0","1583487541383455","926.75","-54","4.06504908789695"
"E200 9366 C6B6 6BF1 9071 BDAF","1583487541395112","924.75","-56","5.6297094915403"
"E200 9366 C6B6 6571 9071 BD95","1583487541429962","924.75","-47.5","3.93619470171456"
"E200 9366 C6B6 7BF1 9071 BDEF","1583487541434011","924.75","-50","4.04970928001809"
"E200 9366 C6B6 5771 9071 BD5D","1583487541437746","924.75","-53","0.3098641191529"
"E200 9366 C6B6 65B1 9071 BD96","1583487541442457","924.75","-43","5.89355418705663"
"E200 9366 C6B6 7371 9071 BDCD","1583487541445965","924.75","-38.5","4.30741805238288"
"E200 9366 C6B6 5A31 9071 BD68","1583487541450145","924.75","-43","4.35343747601945"
"E200 9366 C6B6 5D71 9071 BD75","1583487541454884","924.75","-51.5","0.00613592315154256"
"E200 9366 C6B6 7571 9071 BDD5","1583487541458237","924.75","-49","4.58660255577807"
"E200 9366 C6B6 6C31 9071 BDB0","1583487541461818","924.75","-54.5","4.5191074011111"
"E200 9366 C6B6 63B1 9071 BD8E","1583487541465495","924.75","-46.5","4.8719229823248"
"E200 9366 C6B6 7BB1 9071 BDEE","1583487541468743","924.75","-45","1.63829148146186"
"E200 9366 C6B6 5571 9071 BD55","1583487541472054","924.75","-49.5","6.17887461360336"
"E200 9366 C6B6 55F1 9071 BD57","1583487541475347","924.75","-51","5.87514641760201"
"E200 9366 C6B6 6BF1 9071 BDAF","1583487541478539","924.75","-56","5.67572891517687"
"E200 9366 C6B6 55F1 9071 BD57","1583487541484852","924.75","-51","5.89355418705663"
"E200 9366 C6B6 7371 9071 BDCD","1583487541488458","924.75","-38.5","4.27980639820094"
"E200 9366 C6B6 5A31 9071 BD68","1583487541492490","924.75","-43","4.38104913020139"
"E200 9366 C6B6 7571 9071 BDD5","1583487541496051","924.75","-49","4.6050103252327"
"E200 9366 C6B6 6C31 9071 BDB0","1583487541499685","924.75","-54.5","4.4976316700807"
"E200 9366 C6B6 7BB1 9071 BDEE","1583487541503400","924.75","-45","1.64749536618918"
"E200 9366 C6B6 65B1 9071 BD96","1583487541507275","924.75","-43.5","5.88128234075355"
"E200 9366 C6B6 63B1 9071 BD8E","1583487541510706","924.75","-47","1.69658275140152"
"E200 9366 C6B6 5771 9071 BD5D","1583487541514358","924.75","-53","0.328271888607527"
"E200 9366 C6B6 7BF1 9071 BDEF","1583487541517371","924.75","-50","4.05891316474541"
"E200 9366 C6B6 5571 9071 BD55","1583487541521761","924.75","-49.5","6.16353480572451"
"E200 9366 C6B6 6571 9071 BD95","1583487541525056","924.75","-47.5","0.776194278670134"
"E200 9366 C6B6 5D71 9071 BD75","1583487541528320","924.75","-51.5","0.021475731030399"
"E200 9366 C6B6 6BF1 9071 BDAF","1583487541531593","924.75","-56","5.64811726099493"
"E200 9366 C6B6 55F1 9071 BD57","1583487541567316","924.75","-51","5.8966221486324"
"E200 9366 C6B6 65B1 9071 BD96","1583487541571681","924.75","-43.5","5.88435030232932"
"E200 9366 C6B6 7BF1 9071 BDEF","1583487541575445","924.75","-50","4.07732093420003"
"E200 9366 C6B6 5571 9071 BD55","1583487541579001","924.75","-49.5","6.13592315154256"
"E200 9366 C6B6 5A31 9071 BD68","1583487541595057","925.75","-43","3.99448597165421"
"E200 9366 C6B6 6571 9071 BD95","1583487541598929","925.75","-48","3.52201988898543"
"E200 9366 C6B6 7371 9071 BDCD","1583487541602743","925.75","-39","3.97301024062381"
"E200 9366 C6B6 7BB1 9071 BDEE","1583487541606415","925.75","-45","1.41433028643056"
"E200 9366 C6B6 7571 9071 BDD5","1583487541609959","925.75","-49.5","1.30081570812702"
"E200 9366 C6B6 63B1 9071 BD8E","1583487541613203","925.75","-47","4.5835345942023"
"E200 9366 C6B6 5D71 9071 BD75","1583487541616669","925.75","-51","5.9610493417236"
"E200 9366 C6B6 5771 9071 BD5D","1583487541620097","925.75","-53","6.15739888257296"
"E200 9366 C6B6 6C31 9071 BDB0","1583487541623517","925.75","-54.5","4.21844716668551"
"E200 9366 C6B6 6BF1 9071 BDAF","1583487541627039","925.75","-55.5","5.14803952414421"
"E200 9366 C6B6 7371 9071 BDCD","1583487541632867","925.75","-39","3.95460247116918"
"E200 9366 C6B6 7BF1 9071 BDEF","1583487541636611","925.75","-50","3.75518496874405"
"E200 9366 C6B6 6BF1 9071 BDAF","1583487541640506","925.75","-55.5","5.23394244826581"
"E200 9366 C6B6 6571 9071 BD95","1583487541644624","925.75","-48","0.331339850183298"
"E200 9366 C6B6 5A31 9071 BD68","1583487541648475","925.75","-43","3.99755393322998"
"E200 9366 C6B6 5771 9071 BD5D","1583487541651899","925.75","-53.5","6.13899111311834"
"E200 9366 C6B6 65B1 9071 BD96","1583487541655557","925.75","-44","5.57448618317642"
"E200 9366 C6B6 55F1 9071 BD57","1583487541658856","925.75","-51","5.70027260778304"
"E200 9366 C6B6 7571 9071 BDD5","1583487541662797","925.75","-49.5","1.2824079386724"
"E200 9366 C6B6 7BB1 9071 BDEE","1583487541665797","925.75","-45","1.39285455540016"
"E200 9366 C6B6 63B1 9071 BD8E","1583487541669372","925.75","-47","4.58967051735384"
"E200 9366 C6B6 6C31 9071 BDB0","1583487541673239","925.75","-54.5","4.16322385832163"
"E200 9366 C6B6 5571 9071 BD55","1583487541676445","925.75","-49.5","5.66652503044956"
"E200 9366 C6B6 5D71 9071 BD75","1583487541680145","925.75","-51.5","2.83479649601267"
"E200 9366 C6B6 6C31 9071 BDB0","1583487541716109","925.75","-54.5","4.22458308983706"
"E200 9366 C6B6 5571 9071 BD55","1583487541720246","925.75","-49.5","5.66345706887379"
"E200 9366 C6B6 7371 9071 BDCD","1583487541724123","925.75","-39","3.96994227904804"
"E200 9366 C6B6 5A31 9071 BD68","1583487541727962","925.75","-43","4.0067578179573"
"E200 9366 C6B6 5771 9071 BD5D","1583487541732460","925.75","-53.5","6.16353480572451"
"E200 9366 C6B6 65B1 9071 BD96","1583487541735898","925.75","-44","5.57448618317642"
"E200 9366 C6B6 7BB1 9071 BDEE","1583487541739575","925.75","-45","1.40205844012748"
"E200 9366 C6B6 6571 9071 BD95","1583487541743373","925.75","-48","0.374291312244096"
"E200 9366 C6B6 63B1 9071 BD8E","1583487541746522","925.75","-47","4.60194236365692"
"E200 9366 C6B6 55F1 9071 BD57","1583487541750455","925.75","-51","5.67879687675264"
"E200 9366 C6B6 7BF1 9071 BDEF","1583487541753652","925.75","-50","0.607456392002714"
"E200 9366 C6B6 7571 9071 BDD5","1583487541757254","925.75","-49.5","1.28547590024817"
"E200 9366 C6B6 5D71 9071 BD75","1583487541760536","925.75","-51.5","5.97638914960246"
"E200 9366 C6B6 6BF1 9071 BDAF","1583487541763851","925.75","-55.5","5.14497156256844"
"E200 9366 C6B6 7BB1 9071 BDEE","1583487541769515","925.75","-45","1.3989904785517"
"E200 9366 C6B6 5D71 9071 BD75","1583487541773547","925.75","-51.5","5.96411730329937"
"E200 9366 C6B6 6C31 9071 BDB0","1583487541777609","925.75","-54.5","4.24605882086745"
"E200 9366 C6B6 63B1 9071 BD8E","1583487541781370","925.75","-47","4.57433070947498"
"E200 9366 C6B6 7371 9071 BDCD","1583487541785639","925.75","-39","0.834485548609789"
"E200 9366 C6B6 55F1 9071 BD57","1583487541797582","927.25","-50.5","5.38120460390283"
"E200 9366 C6B6 7571 9071 BDD5","1583487541801952","927.25","-50","1.12287393673229"
"E200 9366 C6B6 6571 9071 BD95","1583487541805285","927.25","-49","6.02854449639057"
"E200 9366 C6B6 65B1 9071 BD96","1583487541809699","927.25","-44.5","5.15724340887153"
"E200 9366 C6B6 5A31 9071 BD68","1583487541813598","927.25","-43","3.49134027322772"
"E200 9366 C6B6 5771 9071 BD5D","1583487541817266","927.25","-53","5.53153472111562"
"E200 9366 C6B6 5571 9071 BD55","1583487541820777","927.25","-50","1.94815560061476"
"E200 9366 C6B6 7BF1 9071 BDEF","1583487541824005","927.25","-50","0.181009732970506"
"E200 9366 C6B6 6BF1 9071 BDAF","1583487541827108","927.25","-55","4.50990351638379"
"E200 9366 C6B6 7BB1 9071 BDEE","1583487541862593","927.25","-45","1.09219432097458"
"E200 9366 C6B6 5D71 9071 BD75","1583487541866496","927.25","-51.5","2.43902945273817"
"E200 9366 C6B6 7371 9071 BDCD","1583487541871256","927.25","-39","0.349747619637926"
"E200 9366 C6B6 5771 9071 BD5D","1583487541874647","927.25","-53","5.53460268269139"
"E200 9366 C6B6 5571 9071 BD55","1583487541878253","927.25","-50","5.12656379311381"
"E200 9366 C6B6 5A31 9071 BD68","1583487541881926","927.25","-43","3.51895192740966"
"E200 9366 C6B6 65B1 9071 BD96","1583487541886361","927.25","-44.5","5.18485506305347"
"E200 9366 C6B6 6BF1 9071 BDAF","1583487541890724","927.25","-55","4.57126274789921"
"E200 9366 C6B6 63B1 9071 BD8E","1583487541895062","927.25","-47","1.02469916630761"
"E200 9366 C6B6 7571 9071 BDD5","1583487541898996","927.25","-50","1.07992247467149"
"E200 9366 C6B6 7BF1 9071 BDEF","1583487541902387","927.25","-50.5","0.156466040364335"
"E200 9366 C6B6 6571 9071 BD95","1583487541907414","927.25","-49","6.08683576633022"
"E200 9366 C6B6 55F1 9071 BD57","1583487541910893","927.25","-50.5","5.43949587384248"
"E200 9366 C6B6 6C31 9071 BDB0","1583487541914135","927.25","-54.5","3.85949566232027"
"E200 9366 C6B6 55F1 9071 BD57","1583487541920214","927.25","-51","5.42108810438786"
"E200 9366 C6B6 5D71 9071 BD75","1583487541924270","927.25","-51.5","2.37767022122274"
"E200 9366 C6B6 7BF1 9071 BDEF","1583487541928191","927.25","-50","3.32873830971184"
"E200 9366 C6B6 5A31 9071 BD68","1583487541931859","927.25","-43","3.50668008110658"
"E200 9366 C6B6 7371 9071 BDCD","1583487541936705","927.25","-39","0.346679658062155"
"E200 9366 C6B6 7BB1 9071 BDEE","1583487541940111","927.25","-45","1.08299043624726"
"E200 9366 C6B6 6C31 9071 BDB0","1583487541943808","927.25","-54","3.88710731650221"
"E200 9366 C6B6 65B1 9071 BD96","1583487541947678","927.25","-44.5","5.15110748571998"
"E200 9366 C6B6 63B1 9071 BD8E","1583487541951402","927.25","-47","1.01856324315607"
"E200 9366 C6B6 6571 9071 BD95","1583487541955257","927.25","-49","6.06229207372405"
"E200 9366 C6B6 7571 9071 BDD5","1583487541958431","927.25","-50","1.08299043624726"
"E200 9366 C6B6 6BF1 9071 BDAF","1583487541962598","927.25","-55.5","4.55592294002035"
"E200 9366 C6B6 5771 9071 BD5D","1583487541965800","927.25","-52.5","5.50699102850945"
"E200 9366 C6B6 5571 9071 BD55","1583487541969385","927.25","-50","5.12349583153804"
"E200 9366 C6B6 7571 9071 BDD5","1583487542005258","922.75","-48","1.83157306073546"
"E200 9366 C6B6 7BB1 9071 BDEE","1583487542009569","922.75","-45","2.04939833261522"
"E200 9366 C6B6 7BF1 9071 BDEF","1583487542013345","922.75","-49.5","4.63262197941464"
"E200 9366 C6B6 5571 9071 BD55","1583487542016749","922.75","-49.5","0.604388430426943"
"E200 9366 C6B6 7371 9071 BDCD","1583487542020452","922.75","-38.5","4.97316571432525"
"E200 9366 C6B6 5A31 9071 BD68","1583487542024483","922.75","-43.5","5.04066086899222"
"E200 9366 C6B6 6571 9071 BD95","1583487542027948","922.75","-47","4.66330159517235"
"E200 9366 C6B6 65B1 9071 BD96","1583487542031798","922.75","-42.5","0.248504887637474"
"E200 9366 C6B6 5D71 9071 BD75","1583487542035273","922.75","-52","3.68462185250131"
"E200 9366 C6B6 63B1 9071 BD8E","1583487542038842","922.75","-47","5.51312695166099"
"E200 9366 C6B6 55F1 9071 BD57","1583487542042706","922.75","-51","6.19728238305799"
"E200 9366 C6B6 5771 9071 BD5D","1583487542045875","922.75","-55","0.960271973216411"
"E200 9366 C6B6 6C31 9071 BDB0","1583487542049552","922.75","-55","4.78908801977897"
"E200 9366 C6B6 6BF1 9071 BDAF","1583487542053049","922.75","-57","0.00920388472731385"
"E200 9366 C6B6 6571 9071 BD95","1583487542059037","922.75","-47","4.65102974886926"
"E200 9366 C6B6 65B1 9071 BD96","1583487542062930","922.75","-43","0.236233041334389"
"E200 9366 C6B6 7371 9071 BDCD","1583487542066773","922.75","-38.5","4.94862202171908"
"E200 9366 C6B6 55F1 9071 BD57","1583487542070832","922.75","-51","6.13592315154256"
"E200 9366 C6B6 7BB1 9071 BDEE","1583487542075417","922.75","-45","2.00031094740288"
"E200 9366 C6B6 5A31 9071 BD68","1583487542078876","922.75","-43.5","5.01918513796182"
"E200 9366 C6B6 7BF1 9071 BDEF","1583487542082801","922.75","-49.5","4.62341809468732"
"E200 9366 C6B6 7571 9071 BDD5","1583487542085924","922.75","-48","1.84998083019008"
"E200 9366 C6B6 63B1 9071 BD8E","1583487542089718","922.75","-47","5.51619491323677"
"E200 9366 C6B6 5771 9071 BD5D","1583487542093246","922.75","-55","0.859029241215959"
"E200 9366 C6B6 5571 9071 BD55","1583487542096754","922.75","-49","0.438718505335293"
"E200 9366 C6B6 6BF1 9071 BDAF","1583487542100383","922.75","-57","0.101242732000452"
"E200 9366 C6B6 5D71 9071 BD75","1583487542103853","922.75","-51","3.61712669783434"
"E200 9366 C6B6 6C31 9071 BDB0","1583487542107160","922.75","-54.5","4.66636955674812"
"E200 9366 C6B6 7371 9071 BDCD","1583487542142887","922.75","-38.5","4.92101036753714"
"E200 9366 C6B6 6C31 9071 BDB0","1583487542147085","922.75","-54.5","4.69091324935429"
"E200 9366 C6B6 5A31 9071 BD68","1583487542151560","922.75","-43","4.99464144535565"
"E200 9366 C6B6 65B1 9071 BD96","1583487542155382","922.75","-42.5","0.196349540849362"
"E200 9366 C6B6 6571 9071 BD95","1583487542159763","922.75","-47","1.42967009430942"
"E200 9366 C6B6 5571 9071 BD55","1583487542164177","922.75","-48.5","0.536893275759974"
"E200 9366 C6B6 7571 9071 BDD5","1583487542168140","922.75","-48","1.83157306073546"
"E200 9366 C6B6 7BB1 9071 BDEE","1583487542171742","922.75","-45","5.16951525517461"
"E200 9366 C6B6 63B1 9071 BD8E","1583487542175274","922.75","-47","5.46097160487288"
"E200 9366 C6B6 7BF1 9071 BDEF","1583487542179081","922.75","-49.5","4.58967051735384"
"E200 9366 C6B6 55F1 9071 BD57","1583487542182840","922.75","-51","6.2279619988157"
"E200 9366 C6B6 5D71 9071 BD75","1583487542186624","922.75","-51","0.558369006790373"
"E200 9366 C6B6 5771 9071 BD5D","1583487542190057","922.75","-54.5","0.770058355518592"
"E200 9366 C6B6 6BF1 9071 BDAF","1583487542193160","922.75","-57","0.134990309333936"
"E200 9366 C6B6 5771 9071 BD5D","1583487542209658","927.75","-53","5.24928225614466"
"E200 9366 C6B6 65B1 9071 BD96","1583487542213748","927.75","-44.5","4.97930163747679"
"E200 9366 C6B6 7371 9071 BDCD","1583487542218157","927.75","-39.5","0.14419419406125"
"E200 9366 C6B6 5A31 9071 BD68","1583487542221894","927.75","-43","3.27351500134796"
"E200 9366 C6B6 5571 9071 BD55","1583487542226002","927.75","-49.5","4.85351521287017"
"E200 9366 C6B6 63B1 9071 BD8E","1583487542229881","927.75","-47.5","0.816077779155161"
"E200 9366 C6B6 6C31 9071 BDB0","1583487542233033","927.75","-53.5","3.76745681504713"
"E200 9366 C6B6 7BB1 9071 BDEE","1583487542236803","927.75","-45","0.895844780125214"
"E200 9366 C6B6 6571 9071 BD95","1583487542240410","927.75","-49","5.84139884026852"
"E200 9366 C6B6 55F1 9071 BD57","1583487542244388","927.75","-50.5","5.27075798717506"
"E200 9366 C6B6 6BF1 9071 BDAF","1583487542248608","927.75","-55.5","4.5191074011111"
"E200 9366 C6B6 5D71 9071 BD75","1583487542254394","927.75","-51","2.23654398873726"
"E200 9366 C6B6 7571 9071 BDD5","1583487542257867","927.75","-50","1.15355355249"
"E200 9366 C6B6 7BF1 9071 BDEF","1583487542261080","927.75","-50.5","6.25250569142187"
"E200 9366 C6B6 55F1 9071 BD57","1583487542296828","927.75","-50.5","5.27382594875083"
"E200 9366 C6B6 7371 9071 BDCD","1583487542300842","927.75","-39.5","0.165669925091649"
"E200 9366 C6B6 6571 9071 BD95","1583487542304823","927.75","-49.5","2.72741784086067"
"E200 9366 C6B6 5A31 9071 BD68","1583487542308627","927.75","-43","0.147262155637022"
"E200 9366 C6B6 65B1 9071 BD96","1583487542312694","927.75","-44.5","4.98543756062833"
"E200 9366 C6B6 7BB1 9071 BDEE","1583487542315903","927.75","-45","0.941864203761784"
"E200 9366 C6B6 63B1 9071 BD8E","1583487542319679","927.75","-47.5","4.0067578179573"
"E200 9366 C6B6 5571 9071 BD55","1583487542323443","927.75","-50","4.88726279020365"
"E200 9366 C6B6 5D71 9071 BD75","1583487542327554","927.75","-51","2.21506825770687"
"E200 9366 C6B6 5771 9071 BD5D","1583487542330932","927.75","-53","5.27382594875083"
"E200 9366 C6B6 6BF1 9071 BDAF","1583487542334527","927.75","-55.5","4.42706855383796"
"E200 9366 C6B6 7BF1 9071 BDEF","1583487542338170","927.75","-50.5","6.24330180669456"
"E200 9366 C6B6 7571 9071 BDD5","1583487542341367","927.75","-50","1.14434966776269"
"E200 9366 C6B6 6C31 9071 BDB0","1583487542344482","927.75","-54","3.62019465941011"
"E200 9366 C6B6 65B1 9071 BD96","1583487542350435","927.75","-44.5","5.02225309953759"
"E200 9366 C6B6 5A31 9071 BD68","1583487542354451","927.75","-43","3.26737907819642"
"E200 9366 C6B6 6571 9071 BD95","1583487542358455","927.75","-49.5","5.85060272499584"
"E200 9366 C6B6 7371 9071 BDCD","1583487542362534","927.75","-39.5","0.141126232485479"
"E200 9366 C6B6 7BB1 9071 BDEE","1583487542366596","927.75","-45","0.938796242186012"
"E200 9366 C6B6 63B1 9071 BD8E","1583487542370652","927.75","-47.5","0.806873894427847"
"E200 9366 C6B6 5771 9071 BD5D","1583487542375173","927.75","-53","2.1260973720095"
"E200 9366 C6B6 55F1 9071 BD57","1583487542378956","927.75","-50.5","5.37506868075129"
"E200 9366 C6B6 5571 9071 BD55","1583487542382712","927.75","-49.5","4.93328221384022"
"E200 9366 C6B6 5D71 9071 BD75","1583487542387081","927.75","-51","2.26108768134344"
"E200 9366 C6B6 6BF1 9071 BDAF","1583487542391204","927.75","-55","1.34990309333936"
"E200 9366 C6B6 6C31 9071 BDB0","1583487542394702","927.75","-54","3.62939854413743"
"E200 9366 C6B6 7571 9071 BDD5","1583487542398295","927.75","-50","4.28287435977671"
"E200 9366 C6B6 7BF1 9071 BDEF","1583487542413215","922.25","-49.5","4.73386471141509"
"E200 9366 C6B6 65B1 9071 BD96","1583487542447853","922.25","-42","0.395767043274495"
"E200 9366 C6B6 7371 9071 BDCD","1583487542452420","922.25","-38.5","5.09895213893187"
"E200 9366 C6B6 6BF1 9071 BDAF","1583487542455861","922.25","-58","0.460194236365692"
"E200 9366 C6B6 5D71 9071 BD75","1583487542459896","922.25","-51.5","3.86869954704759"
"E200 9366 C6B6 5A31 9071 BD68","1583487542463983","922.25","-43.5","5.21246671723541"
"E200 9366 C6B6 55F1 9071 BD57","1583487542468441","922.25","-51","6.24330180669456"
"E200 9366 C6B6 6571 9071 BD95","1583487542472765","922.25","-47","4.92407832911291"
"E200 9366 C6B6 63B1 9071 BD8E","1583487542476500","922.25","-47","2.44823333746548"
"E200 9366 C6B6 7BB1 9071 BDEE","1583487542480076","922.25","-45","2.23654398873726"
"E200 9366 C6B6 7571 9071 BDD5","1583487542484388","922.25","-48","2.02178667843328"
"E200 9366 C6B6 7BF1 9071 BDEF","1583487542487969","922.25","-50","4.8074957892336"
"E200 9366 C6B6 5571 9071 BD55","1583487542491702","922.25","-49","0.806873894427847"
"E200 9366 C6B6 5771 9071 BD5D","1583487542495128","922.25","-56","1.14434966776269"
"E200 9366 C6B6 6C31 9071 BDB0","1583487542498542","922.25","-54.5","4.82283559711246"
"E200 9366 C6B6 7571 9071 BDD5","1583487542504584","922.25","-48","2.03405852473636"
"E200 9366 C6B6 63B1 9071 BD8E","1583487542508563","922.25","-47","5.5867580294795"
"E200 9366 C6B6 6571 9071 BD95","1583487542512246","922.25","-47","4.95782590644639"
"E200 9366 C6B6 7371 9071 BDCD","1583487542516084","922.25","-38.5","5.10815602365919"
"E200 9366 C6B6 7BB1 9071 BDEE","1583487542520087","922.25","-45","5.37813664232706"
"E200 9366 C6B6 6C31 9071 BDB0","1583487542523191","922.25","-54.5","4.72772878826355"
"E200 9366 C6B6 5D71 9071 BD75","1583487542527033","922.25","-52","0.604388430426943"
"E200 9366 C6B6 6BF1 9071 BDAF","1583487542530798","922.25","-59","0.343611696486384"
"E200 9366 C6B6 65B1 9071 BD96","1583487542534591","922.25","-42.5","0.417242774304894"
"E200 9366 C6B6 5A31 9071 BD68","1583487542538074","922.25","-43.5","5.2032628325081"
"E200 9366 C6B6 7BF1 9071 BDEF","1583487542541552","922.25","-50","4.80135986608206"
"E200 9366 C6B6 5571 9071 BD55","1583487542545080","922.25","-49","3.93926266329033"
"E200 9366 C6B6 55F1 9071 BD57","1583487542548387","922.25","-50.5","6.21569015251262"
"E200 9366 C6B6 5771 9071 BD5D","1583487542551569","922.25","-56.5","0.95720401164064"
"E200 9366 C6B6 55F1 9071 BD57","1583487542588615","922.25","-50.5","6.23716588354302"
"E200 9366 C6B6 7571 9071 BDD5","1583487542592632","922.25","-48","2.02792260158482"
"E200 9366 C6B6 5571 9071 BD55","1583487542596468","922.25","-49.5","0.757786509215507"
"E200 9366 C6B6 7371 9071 BDCD","1583487542599978","922.25","-38.5","5.12656379311381"
"E200 9366 C6B6 65B1 9071 BD96","1583487542603745","922.25","-42.5","0.417242774304894"
"E200 9366 C6B6 5A31 9071 BD68","1583487542618986","925.25","-43","0.997087512125667"
"E200 9366 C6B6 6C31 9071 BDB0","1583487542622228","925.25","-54","4.22458308983706"
"E200 9366 C6B6 7BB1 9071 BDEE","1583487542626212","925.25","-45.5","1.5278448647341"
"E200 9366 C6B6 7BF1 9071 BDEF","1583487542629603","925.25","-50.5","0.78846612497322"
"E200 9366 C6B6 63B1 9071 BD8E","1583487542632851","925.25","-46.5","4.71238898038469"
"E200 9366 C6B6 5771 9071 BD5D","1583487542636395","925.25","-55","6.15126295942142"
"E200 9366 C6B6 6571 9071 BD95","1583487542640508","925.25","-48.5","0.561436968366145"
"E200 9366 C6B6 5D71 9071 BD75","1583487542643820","925.25","-51.5","5.82605903238967"
"E200 9366 C6B6 6BF1 9071 BDAF","1583487542647126","925.25","-56.5","5.23087448669004"
"E200 9366 C6B6 6571 9071 BD95","1583487542652781","925.25","-48.5","0.521553467881118"
"E200 9366 C6B6 7571 9071 BDD5","1583487542656818","925.25","-49.5","1.33763124703628"
"E200 9366 C6B6 7371 9071 BDCD","1583487542660868","925.25","-38.5","4.11413647310929"
"E200 9366 C6B6 63B1 9071 BD8E","1583487542664650","925.25","-46.5","1.59840798097684"
"E200 9366 C6B6 65B1 9071 BD96","1583487542668369","925.25","-43.5","5.73095222354076"
"E200 9366 C6B6 5A31 9071 BD68","1583487542672395","925.25","-43","4.15401997359432"
"E200 9366 C6B6 5571 9071 BD55","1583487542676034","925.25","-50.5","5.80151533978349"
"E200 9366 C6B6 6BF1 9071 BDAF","1583487542679559","925.25","-56.5","5.17871913990192"
"E200 9366 C6B6 5D71 9071 BD75","1583487542683259","925.25","-51","2.68753434037564"
"E200 9366 C6B6 5771 9071 BD5D","1583487542687228","925.25","-55","6.11137945893639"
"E200 9366 C6B6 6C31 9071 BDB0","1583487542690337","925.25","-54","4.19390347407934"
"E200 9366 C6B6 7BB1 9071 BDEE","1583487542694318","925.25","-45.5","1.50943709527947"
"E200 9366 C6B6 7BF1 9071 BDEF","1583487542697342","925.25","-51","3.81040827710793"
"E200 9366 C6B6 55F1 9071 BD57","1583487542701021","925.25","-50.5","5.78310757032887"
"E200 9366 C6B6 7BB1 9071 BDEE","1583487542736854","925.25","-45.5","1.46034971006713"
"E200 9366 C6B6 6571 9071 BD95","1583487542741922","925.25","-48.5","3.59258300522817"
"E200 9366 C6B6 7BF1 9071 BDEF","1583487542745662","925.25","-50.5","3.82881604656256"
"E200 9366 C6B6 7371 9071 BDCD","1583487542749610","925.25","-38.5","4.15095201201854"
"E200 9366 C6B6 5A31 9071 BD68","1583487542752885","925.25","-43","4.13561220413969"
"E200 9366 C6B6 65B1 9071 BD96","1583487542757236","925.25","-43.5","5.76163183929847"
"E200 9366 C6B6 5771 9071 BD5D","1583487542761734","925.25","-55","6.11444742051217"
"E200 9366 C6B6 63B1 9071 BD8E","1583487542765345","925.25","-47","1.63215555831032"
"E200 9366 C6B6 7571 9071 BDD5","1583487542768622","925.25","-49","4.38104913020139"
"E200 9366 C6B6 5D71 9071 BD75","1583487542772133","925.25","-51","5.85060272499584"
"E200 9366 C6B6 6BF1 9071 BDAF","1583487542776113","925.25","-56","5.10508806208341"
"E200 9366 C6B6 55F1 9071 BD57","1583487542779770","925.25","-50.5","5.89048622548086"
"E200 9366 C6B6 5571 9071 BD55","1583487542783185","925.25","-50.5","5.70334056935881"
"E200 9366 C6B6 6C31 9071 BDB0","1583487542786499","925.25","-54","4.13561220413969"
"E200 9366 C6B6 5571 9071 BD55","1583487542792623","925.25","-51","5.67572891517687"
"E200 9366 C6B6 63B1 9071 BD8E","1583487542796447","925.25","-47","4.77068025032434"
"E200 9366 C6B6 6C31 9071 BDB0","1583487542800175","925.25","-54","4.16015589674586"
"E200 9366 C6B6 5A31 9071 BD68","1583487542804066","925.25","-43","4.16015589674586"
"E200 9366 C6B6 7371 9071 BDCD","1583487542807918","925.25","-38.5","1.01549528158029"
"E200 9366 C6B6 55F1 9071 BD57","1583487542823348","923.75","-50.5","6.16660276730028"
"E200 9366 C6B6 7571 9071 BDD5","1583487542826498","923.75","-48.5","1.54011671103718"
"E200 9366 C6B6 7BF1 9071 BDEF","1583487542830309","923.75","-50","1.10139820570189"
"E200 9366 C6B6 65B1 9071 BD96","1583487542833423","923.75","-43","6.26477753772496"
"E200 9366 C6B6 7BB1 9071 BDEE","1583487542837155","923.75","-45.5","1.73646625188655"
"E200 9366 C6B6 5D71 9071 BD75","1583487542840770","923.75","-50.5","0.0398835004850267"
"E200 9366 C6B6 6571 9071 BD95","1583487542844231","923.75","-47.5","0.966407896367954"
"E200 9366 C6B6 5771 9071 BD5D","1583487542847423","923.75","-56","0.365087427516783"
"E200 9366 C6B6 6BF1 9071 BDAF","1583487542850559","923.75","-57","5.60516579893413"
"E200 9366 C6B6 6571 9071 BD95","1583487542886391","923.75","-47.5","1.00015547370144"
"E200 9366 C6B6 63B1 9071 BD8E","1583487542890532","923.75","-47","5.22167060196272"
"E200 9366 C6B6 5D71 9071 BD75","1583487542894058","923.75","-50.5","0.00920388472731385"
"E200 9366 C6B6 7571 9071 BDD5","1583487542897915","923.75","-48.5","1.56772836521913"
"E200 9366 C6B6 7371 9071 BDCD","1583487542901980","923.75","-38.5","1.47262155637022"
"E200 9366 C6B6 5571 9071 BD55","1583487542905424","923.75","-50","6.16046684414874"
"E200 9366 C6B6 7BB1 9071 BDEE","1583487542908801","923.75","-45.5","1.71499052085615"
"E200 9366 C6B6 5A31 9071 BD68","1583487542912607","923.75","-43","4.69704917250583"
"E200 9366 C6B6 65B1 9071 BD96","1583487542915777","923.75","-43","6.23716588354302"
"E200 9366 C6B6 7BF1 9071 BDEF","1583487542919356","923.75","-50","4.28901028292825"
"E200 9366 C6B6 55F1 9071 BD57","1583487542922947","923.75","-51","6.13285518996679"
"E200 9366 C6B6 6BF1 9071 BDAF","1583487542926991","923.75","-56.5","5.62357356838876"
"E200 9366 C6B6 6C31 9071 BDB0","1583487542930522","923.75","-54","1.27013609236931"
"E200 9366 C6B6 5771 9071 BD5D","1583487542933932","923.75","-56.5","0.21475731030399"
"E200 9366 C6B6 63B1 9071 BD8E","1583487542939457","923.75","-47","5.22473856353849"
"E200 9366 C6B6 5771 9071 BD5D","1583487542944686","923.75","-56","0.156466040364335"
"E200 9366 C6B6 6C31 9071 BDB0","1583487542948166","923.75","-54","4.40559282280756"
"E200 9366 C6B6 7371 9071 BDCD","1583487542952199","923.75","-38.5","4.64489382571772"
"E200 9366 C6B6 5A31 9071 BD68","1583487542955451","923.75","-43","4.69091324935429"
"E200 9366 C6B6 6571 9071 BD95","1583487542959573","923.75","-48","4.07118501104849"
"E200 9366 C6B6 6BF1 9071 BDAF","1583487542962865","923.75","-56.5","5.69720464620727"
"E200 9366 C6B6 7BF1 9071 BDEF","1583487542966860","923.75","-50","4.31968989868597"
"E200 9366 C6B6 7571 9071 BDD5","1583487542969975","923.75","-48.5","1.64749536618918"
"E200 9366 C6B6 65B1 9071 BD96","1583487542974031","923.75","-43","6.26170957614919"
"E200 9366 C6B6 7BB1 9071 BDEE","1583487542977209","923.75","-45.5","1.730330328735"
"E200 9366 C6B6 5D71 9071 BD75","1583487542980893","923.75","-51","6.2494377298461"
"E200 9366 C6B6 5571 9071 BD55","1583487542984603","923.75","-49.5","6.0469522658452"
"E200 9366 C6B6 55F1 9071 BD57","1583487542987889","923.75","-50.5","6.13899111311834"
"E200 9366 C6B6 7571 9071 BDD5","1583487543023846","923.25","-48.5","1.76407790606849"
"E200 9366 C6B6 7BB1 9071 BDEE","1583487543027838","923.25","-45.5","1.84998083019008"
"E200 9366 C6B6 6571 9071 BD95","1583487543031690","923.25","-48","1.12287393673229"
"E200 9366 C6B6 7371 9071 BDCD","1583487543035339","923.25","-38.5","4.81976763553668"
"E200 9366 C6B6 5A31 9071 BD68","1583487543040137","923.25","-43.5","1.72726236715923"
"E200 9366 C6B6 5771 9071 BD5D","1583487543043738","923.25","-57","0.190213617697819"
"E200 9366 C6B6 65B1 9071 BD96","1583487543047210","923.25","-43","0.168737886667421"
"E200 9366 C6B6 63B1 9071 BD8E","1583487543051511","923.25","-47","5.3627968344482"
"E200 9366 C6B6 7BF1 9071 BDEF","1583487543055330","923.25","-50","4.47308797747453"
"E200 9366 C6B6 6BF1 9071 BDAF","1583487543058410","923.25","-56.5","5.85367068657161"
"E200 9366 C6B6 55F1 9071 BD57","1583487543062285","923.25","-50.5","6.16353480572451"
"E200 9366 C6B6 5571 9071 BD55","1583487543065987","923.25","-49.5","6.19114645990645"
"E200 9366 C6B6 5D71 9071 BD75","1583487543069334","923.25","-51","0.104310693576224"
"E200 9366 C6B6 6C31 9071 BDB0","1583487543072631","923.25","-54","4.43934040014105"
"E200 9366 C6B6 7BB1 9071 BDEE","1583487543078723","923.25","-45.5","1.86225267649317"
"E200 9366 C6B6 6BF1 9071 BDAF","1583487543082969","923.25","-56.5","5.97025322645092"
"E200 9366 C6B6 6C31 9071 BDB0","1583487543086638","923.25","-54","4.38718505335293"
"E200 9366 C6B6 7371 9071 BDCD","1583487543090487","923.25","-38.5","4.82283559711246"
"E200 9366 C6B6 65B1 9071 BD96","1583487543094287","923.25","-43","0.156466040364335"
"E200 9366 C6B6 5A31 9071 BD68","1583487543098063","923.25","-43.5","4.85351521287017"
"E200 9366 C6B6 63B1 9071 BD8E","1583487543101763","923.25","-47","5.39961237335746"
"E200 9366 C6B6 7BF1 9071 BDEF","1583487543106038","923.25","-50","4.40252486123179"
"E200 9366 C6B6 6571 9071 BD95","1583487543109503","923.25","-48","4.26446659032208"
"E200 9366 C6B6 7571 9071 BDD5","1583487543112955","923.25","-48.5","1.79168956025043"
"E200 9366 C6B6 55F1 9071 BD57","1583487543116571","923.25","-51","6.14512703626988"
"E200 9366 C6B6 5771 9071 BD5D","1583487543120259","923.25","-57","0.162601963515878"
"E200 9366 C6B6 5571 9071 BD55","1583487543126871","923.25","-49.5","6.22182607566416"
"E200 9366 C6B6 5D71 9071 BD75","1583487543130184","923.25","-51","6.24636976827033"
"E200 9366 C6B6 5D71 9071 BD75","1583487543166561","923.25","-51","6.11137945893639"
"E200 9366 C6B6 6C31 9071 BDB0","1583487543170976","923.25","-54.5","1.34069920861205"
"E200 9366 C6B6 5A31 9071 BD68","1583487543174640","923.25","-43.5","4.91180648280982"
"E200 9366 C6B6 7BB1 9071 BDEE","1583487543178634","923.25","-45.5","5.04679679214376"
"E200 9366 C6B6 7371 9071 BDCD","1583487543182144","923.25","-38.5","4.84737928971863"
"E200 9366 C6B6 63B1 9071 BD8E","1583487543186369","923.25","-47","5.37813664232706"
"E200 9366 C6B6 65B1 9071 BD96","1583487543190325","923.25","-43","0.205553425576676"
"E200 9366 C6B6 7BF1 9071 BDEF","1583487543193980","923.25","-50","0.966407896367954"
"E200 9366 C6B6 5571 9071 BD55","1583487543198003","923.25","-49.5","6.15126295942142"
"E200 9366 C6B6 55F1 9071 BD57","1583487543201627","923.25","-51.5","6.15739888257296"
"E200 9366 C6B6 7571 9071 BDD5","1583487543205389","923.25","-48.5","1.87145656122048"
"E200 9366 C6B6 6571 9071 BD95","1583487543208839","923.25","-47.5","4.35343747601945"
"E200 9366 C6B6 6BF1 9071 BDAF","1583487543212132","923.25","-56.5","6.03774838111788"
"E200 9366 C6B6 5771 9071 BD5D","1583487543215314","923.25","-57","0.101242732000452"
"E200 9366 C6B6 7571 9071 BDD5","1583487543227960","924.25","-49","1.69658275140152"
"E200 9366 C6B6 65B1 9071 BD96","1583487543232925","924.25","-43.5","6.19421442148222"
"E200 9366 C6B6 7BB1 9071 BDEE","1583487543236507","924.25","-45.5","1.71805848243192"
"E200 9366 C6B6 7371 9071 BDCD","1583487543240182","924.25","-38.5","4.50376759323224"
"E200 9366 C6B6 5A31 9071 BD68","1583487543244881","924.25","-43","4.64489382571772"
"E200 9366 C6B6 63B1 9071 BD8E","1583487543248274","924.25","-47","1.96656337006939"
"E200 9366 C6B6 6571 9071 BD95","1583487543252111","924.25","-48","4.04664131844232"
"E200 9366 C6B6 5571 9071 BD55","1583487543255266","924.25","-49.5","5.7370881466923"
"E200 9366 C6B6 7BF1 9071 BDEF","1583487543259082","924.25","-50.5","0.300660234425586"
"E200 9366 C6B6 5D71 9071 BD75","1583487543262205","924.25","-50.5","2.23347602716149"
"E200 9366 C6B6 55F1 9071 BD57","1583487543266587","924.25","-52","6.07763188160291"
"E200 9366 C6B6 6C31 9071 BDB0","1583487543269848","924.25","-55","4.62341809468732"
"E200 9366 C6B6 6BF1 9071 BDAF","1583487543273902","924.25","-55","5.63891337626762"
"E200 9366 C6B6 5771 9071 BD5D","1583487543277121","924.25","-56.5","6.16046684414874"
"E200 9366 C6B6 7BB1 9071 BDEE","1583487543313267","924.25","-45","1.77021382922003"
"E200 9366 C6B6 6C31 9071 BDB0","1583487543316959","924.25","-55","4.76147636559703"
"E200 9366 C6B6 5A31 9071 BD68","1583487543320808","924.25","-43","4.70318509565738"
"E200 9366 C6B6 63B1 9071 BD8E","1583487543324557","924.25","-47","5.18485506305347"
"E200 9366 C6B6 7371 9071 BDCD","1583487543328265","924.25","-38.5","4.56512682474767"
"E200 9366 C6B6 65B1 9071 BD96","1583487543332019","924.25","-43","6.21262219093685"
"E200 9366 C6B6 6571 9071 BD95","1583487543336051","924.25","-47.5","0.935728280610241"
"E200 9366 C6B6 5571 9071 BD55","1583487543339265","924.25","-50","5.65425318414647"
"E200 9366 C6B6 5D71 9071 BD75","1583487543343888","924.25","-50.5","1.7088545977046"
"E200 9366 C6B6 7BF1 9071 BDEF","1583487543347290","924.25","-50.5","5.94877749542052"
"E200 9366 C6B6 7571 9071 BDD5","1583487543350469","924.25","-48.5","1.80089344497774"
"E200 9366 C6B6 55F1 9071 BD57","1583487543353830","924.25","-53","0.0582912699396544"
"E200 9366 C6B6 6BF1 9071 BDAF","1583487543357335","924.25","-55","5.58982599105528"
"E200 9366 C6B6 5771 9071 BD5D","1583487543360581","924.25","-57.5","6.20955422936108"
"E200 9366 C6B6 5A31 9071 BD68","1583487543366298","924.25","-43","4.73693267299086"
"E200 9366 C6B6 6C31 9071 BDB0","1583487543370676","924.25","-55","4.95475794487062"
"E200 9366 C6B6 7BB1 9071 BDEE","1583487543374247","924.25","-45","1.8162332528566"
"E200 9366 C6B6 7371 9071 BDCD","1583487543377904","924.25","-38.5","4.54978701686881"
"E200 9366 C6B6 63B1 9071 BD8E","1583487543381916","924.25","-47","2.03405852473636"
"E200 9366 C6B6 65B1 9071 BD96","1583487543385322","924.25","-43","6.22182607566416"
"E200 9366 C6B6 6571 9071 BD95","1583487543389212","924.25","-47.5","0.929592357458699"
"E200 9366 C6B6 55F1 9071 BD57","1583487543392447","924.25","-53.5","3.30726257868144"
"E200 9366 C6B6 7571 9071 BDD5","1583487543396434","924.25","-48.5","1.79782548340197"
"E200 9366 C6B6 5D71 9071 BD75","1583487543399745","924.25","-50","1.25479628449045"
"E200 9366 C6B6 7BF1 9071 BDEF","1583487543403293","924.25","-50.5","5.44256383541826"
"E200 9366 C6B6 6BF1 9071 BDAF","1583487543406913","924.25","-55","5.55607841372179"
"E200 9366 C6B6 5571 9071 BD55","1583487543410321","924.25","-50","5.58982599105528"
"E200 9366 C6B6 5771 9071 BD5D","1583487543413348","924.25","-58","0.0368155389092554"
"E200 9366 C6B6 65B1 9071 BD96","1583487543448950","926.25","-43.5","5.57448618317642"
"E200 9366 C6B6 63B1 9071 BD8E","1583487543453028","926.25","-46.5","1.41739824800633"
"E200 9366 C6B6 5A31 9071 BD68","1583487543456929","926.25","-42.5","0.86209720279173"
"E200 9366 C6B6 5771 9071 BD5D","1583487543460977","926.25","-56.5","5.64811726099493"
"E200 9366 C6B6 7371 9071 BDCD","1583487543465034","926.25","-38.5","3.8779034317749"
"E200 9366 C6B6 55F1 9071 BD57","1583487543469391","926.25","-52","0.184077694546277"
"E200 9366 C6B6 6BF1 9071 BDAF","1583487543473967","926.25","-53.5","4.7001171340816"
"E200 9366 C6B6 6571 9071 BD95","1583487543477602","926.25","-47.5","0.021475731030399"
"E200 9366 C6B6 6C31 9071 BDB0","1583487543481595","926.25","-52","4.62648605626309"
"E200 9366 C6B6 7571 9071 BDD5","1583487543484869","926.25","-48.5","1.3989904785517"
"E200 9366 C6B6 7BF1 9071 BDEF","1583487543489156","926.25","-51.5","1.01242732000452"
"E200 9366 C6B6 7BB1 9071 BDEE","1583487543492565","926.25","-45","1.35910697806668"
"E200 9366 C6B6 5D71 9071 BD75","1583487543496059","926.25","-50.5","6.20955422936108"
"E200 9366 C6B6 5571 9071 BD55","1583487543499266","926.25","-50.5","4.82283559711246"
"E200 9366 C6B6 7371 9071 BDCD","1583487543505593","926.25","-38.5","3.89324323965376"
"E200 9366 C6B6 5D71 9071 BD75","1583487543509945","926.25","-50.5","6.08069984317868"
"E200 9366 C6B6 7BF1 9071 BDEF","1583487543513361","926.25","-51.5","0.800737971276305"
"E200 9366 C6B6 7BB1 9071 BDEE","1583487543516931","926.25","-45","1.35297105491514"
"E200 9366 C6B6 55F1 9071 BD57","1583487543520601","926.25","-51.5","0.245436926061703"
"E200 9366 C6B6 5A31 9071 BD68","1583487543524902","926.25","-42","3.97301024062381"
"E200 9366 C6B6 6571 9071 BD95","1583487543528605","926.25","-47.5","6.25557365299764"
"E200 9366 C6B6 63B1 9071 BD8E","1583487543531977","926.25","-46.5","1.38365067067285"
"E200 9366 C6B6 65B1 9071 BD96","1583487543535886","926.25","-43.5","5.52846675953985"
"E200 9366 C6B6 7571 9071 BDD5","1583487543539899","926.25","-48.5","1.33149532388474"
"E200 9366 C6B6 5571 9071 BD55","1583487543543112","926.25","-51","1.730330328735"
"E200 9366 C6B6 5771 9071 BD5D","1583487543546708","926.25","-56.5","5.96411730329937"
"E200 9366 C6B6 6C31 9071 BDB0","1583487543549984","926.25","-51.5","4.61421420996001"
"E200 9366 C6B6 6BF1 9071 BDAF","1583487543553289","926.25","-53.5","4.58660255577807"
"E200 9366 C6B6 5A31 9071 BD68","1583487543589647","926.25","-42","3.93005877856301"
"E200 9366 C6B6 7BF1 9071 BDEF","1583487543593447","926.25","-52","0.113514578303537"
"E200 9366 C6B6 7BB1 9071 BDEE","1583487543597212","926.25","-45","1.30695163127857"
"E200 9366 C6B6 6571 9071 BD95","1583487543601051","926.25","-47","6.19421442148222"
"E200 9366 C6B6 65B1 9071 BD96","1583487543605278","926.25","-43.5","5.48858325905482"
"E200 9366 C6B6 7371 9071 BDCD","1583487543609168","926.25","-38.5","3.82268012341102"
"E200 9366 C6B6 63B1 9071 BD8E","1583487543613078","926.25","-46.5","1.35910697806668"
"E200 9366 C6B6 55F1 9071 BD57","1583487543616200","926.25","-50.5","0.230097118182846"
"E200 9366 C6B6 6C31 9071 BDB0","1583487543620581","926.25","-51","4.45774816959567"
"E200 9366 C6B6 5771 9071 BD5D","1583487543623785","926.25","-56","6.23716588354302"
"E200 9366 C6B6 5D71 9071 BD75","1583487543627490","926.25","-50.5","5.22473856353849"
"E200 9366 C6B6 7571 9071 BDD5","1583487543631297","926.25","-48","1.20264093770234"
"E200 9366 C6B6 5571 9071 BD55","1583487543634734","926.25","-52","4.99770940693142"
"E200 9366 C6B6 6BF1 9071 BDAF","1583487543637886","926.25","-54","4.5620588631719"
"E200 9366 C6B6 5571 9071 BD55","1583487543651474","926.75","-52.5","1.74567013661386"
"E200 9366 C6B6 7BB1 9071 BDEE","1583487543654908","926.75","-45","1.22104870715697"
"E200 9366 C6B6 6571 9071 BD95","1583487543658593","926.75","-47.5","5.94877749542052"
"E200 9366 C6B6 63B1 9071 BD8E","1583487543662515","926.75","-47","1.2394564766116"
"E200 9366 C6B6 65B1 9071 BD96","1583487543666289","926.75","-43.5","5.31677741081163"
"E200 9366 C6B6 5A31 9071 BD68","1583487543669594","926.75","-41.5","3.68155389092554"
"E200 9366 C6B6 7371 9071 BDCD","1583487543673682","926.75","-38.5","3.66621408304668"
"E200 9366 C6B6 55F1 9071 BD57","1583487543677182","926.75","-50","6.24023384511879"
"E200 9366 C6B6 6C31 9071 BDB0","1583487543681059","926.75","-51","4.24299085929168"
"E200 9366 C6B6 5771 9071 BD5D","1583487543684228","926.75","-55","5.99786488063286"
"E200 9366 C6B6 7BF1 9071 BDEF","1583487543687993","926.75","-53","5.4916512206306"
"E200 9366 C6B6 7571 9071 BDD5","1583487543691180","926.75","-48.5","1.04617489733801"
"E200 9366 C6B6 5D71 9071 BD75","1583487543694862","926.75","-51","4.68477732620275"
"E200 9366 C6B6 6BF1 9071 BDAF","1583487543698202","926.75","-53.5","4.31662193711019"
"E200 9366 C6B6 6BF1 9071 BDAF","1583487543734068","926.75","-54","4.28287435977671"
"E200 9366 C6B6 5A31 9071 BD68","1583487543738326","926.75","-42","0.484737928971863"
"E200 9366 C6B6 7371 9071 BDCD","1583487543742608","926.75","-38.5","0.481669967396091"
"E200 9366 C6B6 7BB1 9071 BDEE","1583487543746163","926.75","-45","1.18116520667194"
"E200 9366 C6B6 7571 9071 BDD5","1583487543749961","926.75","-48.5","1.00629139685298"
"E200 9366 C6B6 65B1 9071 BD96","1583487543753269","926.75","-43.5","5.28609779505392"
"E200 9366 C6B6 6571 9071 BD95","1583487543756917","926.75","-48","5.9180978796628"
"E200 9366 C6B6 7BF1 9071 BDEF","1583487543761283","926.75","-53.5","4.92407832911291"
"E200 9366 C6B6 63B1 9071 BD8E","1583487543764940","926.75","-47","1.17809724509617"
"E200 9366 C6B6 6C31 9071 BDB0","1583487543768260","926.75","-51","4.09266074207889"
"E200 9366 C6B6 5571 9071 BD55","1583487543771848","926.75","-52.5","2.01565075528173"
"E200 9366 C6B6 55F1 9071 BD57","1583487543775626","926.75","-49.5","6.04081634269366"
"E200 9366 C6B6 5D71 9071 BD75","1583487543778897","926.75","-51","0.994019550549895"
"E200 9366 C6B6 5771 9071 BD5D","1583487543782104","926.75","-54.5","6.03774838111788"
"E200 9366 C6B6 6C31 9071 BDB0","1583487543788606","926.75","-51","4.07732093420003"
"E200 9366 C6B6 65B1 9071 BD96","1583487543791899","926.75","-43.5","5.27075798717506"
"E200 9366 C6B6 5571 9071 BD55","1583487543796480","926.75","-52.5","2.11075756413064"
"E200 9366 C6B6 6571 9071 BD95","1583487543799770","926.75","-48","5.90889399493549"
"E200 9366 C6B6 7371 9071 BDCD","1583487543803857","926.75","-38.5","0.47860200582032"
"E200 9366 C6B6 5D71 9071 BD75","1583487543807487","926.75","-51.5","3.97914616377535"
"E200 9366 C6B6 5A31 9071 BD68","1583487543811324","926.75","-42","3.568039312622"
"E200 9366 C6B6 7BB1 9071 BDEE","1583487543815258","926.75","-45","1.19343705297503"
"E200 9366 C6B6 55F1 9071 BD57","1583487543818398","926.75","-49.5","5.95798138014783"
"E200 9366 C6B6 5771 9071 BD5D","1583487543822114","926.75","-54","5.97332118802669"
"E200 9366 C6B6 63B1 9071 BD8E","1583487543825621","926.75","-47","4.33196174498905"
"E200 9366 C6B6 7571 9071 BDD5","1583487543829636","926.75","-49","0.926524395882927"
"E200 9366 C6B6 7BF1 9071 BDEF","1583487543832867","926.75","-53.5","1.2394564766116"
"E200 9366 C6B6 6BF1 9071 BDAF","1583487543835964","926.75","-54","4.29207824450402"
"E200 9366 C6B6 7571 9071 BDD5","1583487543871935","924.75","-48","1.35910697806668"
"E200 9366 C6B6 63B1 9071 BD8E","1583487543876094","924.75","-46.5","4.94862202171908"
"E200 9366 C6B6 7BF1 9071 BDEF","1583487543879715","924.75","-53.5","4.66636955674812"
"E200 9366 C6B6 7BB1 9071 BDEE","1583487543883307","924.75","-45","1.60454390412838"
"E200 9366 C6B6 5A31 9071 BD68","1583487543886978","924.75","-42","4.32889378341328"
"E200 9366 C6B6 7371 9071 BDCD","1583487543890443","924.75","-38.5","1.15662151406577"
"E200 9366 C6B6 65B1 9071 BD96","1583487543893752","924.75","-42.5","5.85673864814738"
"E200 9366 C6B6 55F1 9071 BD57","1583487543897327","924.75","-50","0.0582912699396544"
"E200 9366 C6B6 6BF1 9071 BDAF","1583487543902346","924.75","-55.5","5.12656379311381"
"E200 9366 C6B6 6571 9071 BD95","1583487543907290","924.75","-47.5","0.570640853093458"
"E200 9366 C6B6 5571 9071 BD55","1583487543910846","924.75","-52","6.25250569142187"
"E200 9366 C6B6 5D71 9071 BD75","1583487543914174","924.75","-51","4.08959278050312"
"E200 9366 C6B6 6C31 9071 BDB0","1583487543917653","924.75","-52","4.5405831321415"
"E200 9366 C6B6 5771 9071 BD5D","1583487543920864","924.75","-54.5","0.601320468851171"
"E200 9366 C6B6 5571 9071 BD55","1583487543926871","924.75","-52","6.24330180669456"
"E200 9366 C6B6 7571 9071 BDD5","1583487543930542","924.75","-48","1.31922347758165"
"E200 9366 C6B6 7BF1 9071 BDEF","1583487543934663","924.75","-53.5","1.18116520667194"
"E200 9366 C6B6 5771 9071 BD5D","1583487543938071","924.75","-54.5","0.665747661942368"
"E200 9366 C6B6 5A31 9071 BD68","1583487543941707","924.75","-42","4.30435009080711"
"E200 9366 C6B6 7BB1 9071 BDEE","1583487543945388","924.75","-45","1.66897109721958"
"E200 9366 C6B6 6571 9071 BD95","1583487543949469","924.75","-47.5","0.62279619988157"
"E200 9366 C6B6 7371 9071 BDCD","1583487543953289","924.75","-38.5","4.30128212923134"
"E200 9366 C6B6 63B1 9071 BD8E","1583487543957267","924.75","-47","4.97009775274948"
"E200 9366 C6B6 65B1 9071 BD96","1583487543960434","924.75","-43","5.87207845602623"
"E200 9366 C6B6 55F1 9071 BD57","1583487543964238","924.75","-50","6.25864161457342"
"E200 9366 C6B6 5D71 9071 BD75","1583487543968016","924.75","-51.5","0.711767085578938"
"E200 9366 C6B6 6C31 9071 BDB0","1583487543971501","924.75","-52","4.5835345942023"
"E200 9366 C6B6 6BF1 9071 BDAF","1583487543974834","924.75","-55.5","5.1817871014777"
"E200 9366 C6B6 63B1 9071 BD8E","1583487544010863","924.75","-47","4.93635017541599"
"E200 9366 C6B6 65B1 9071 BD96","1583487544014450","924.75","-43","2.73662172558798"
"E200 9366 C6B6 7371 9071 BDCD","1583487544018235","924.75","-38.5","4.30128212923134"
"E200 9366 C6B6 5A31 9071 BD68","1583487544022272","924.75","-42.5","4.30741805238288"
"E200 9366 C6B6 7BB1 9071 BDEE","1583487544025871","924.75","-45","1.67817498194689"
"E200 9366 C6B6 6571 9071 BD95","1583487544029958","924.75","-47.5","3.78893254607753"
"E200 9366 C6B6 7571 9071 BDD5","1583487544034388","924.75","-48.5","1.35910697806668"
"E200 9366 C6B6 5571 9071 BD55","1583487544037777","924.75","-51","0.0184077694546277"
"E200 9366 C6B6 7BF1 9071 BDEF","1583487544042151","924.75","-53.5","0.576776776245001"
"E200 9366 C6B6 55F1 9071 BD57","1583487544045773","924.75","-50.5","6.19421442148222"
"E200 9366 C6B6 6C31 9071 BDB0","1583487544050331","924.75","-52.5","4.50990351638379"
"E200 9366 C6B6 5D71 9071 BD75","1583487544054883","924.75","-51.5","3.5036121195308"
"E200 9366 C6B6 5771 9071 BD5D","1583487544058268","924.75","-54","0.533825314184203"
"E200 9366 C6B6 6BF1 9071 BDAF","1583487544061383","924.75","-55.5","5.19712690935655"
"E200 9366 C6B6 6BF1 9071 BDAF","1583487544075278","925.75","-55","4.85658317444594"
"E200 9366 C6B6 5571 9071 BD55","1583487544078875","925.75","-51","5.8966221486324"
"E200 9366 C6B6 7371 9071 BDCD","1583487544082623","925.75","-38.5","3.98221412535112"
"E200 9366 C6B6 65B1 9071 BD96","1583487544086458","925.75","-43","5.6082337605099"
"E200 9366 C6B6 5A31 9071 BD68","1583487544090349","925.75","-42.5","3.97914616377535"
"E200 9366 C6B6 5D71 9071 BD75","1583487544093848","925.75","-52","0.00613592315154256"
"E200 9366 C6B6 6571 9071 BD95","1583487544097719","925.75","-48","3.3440781175907"
"E200 9366 C6B6 7571 9071 BDD5","1583487544101095","925.75","-49","1.16582539879309"
"E200 9366 C6B6 6C31 9071 BDB0","1583487544105051","925.75","-52","4.28287435977671"
"E200 9366 C6B6 7BF1 9071 BDEF","1583487544108826","925.75","-53.5","0.159534001940107"
"E200 9366 C6B6 7BB1 9071 BDEE","1583487544112873","925.75","-45","1.4848934026733"
"E200 9366 C6B6 63B1 9071 BD8E","1583487544116458","925.75","-47","1.51864098000678"
"E200 9366 C6B6 55F1 9071 BD57","1583487544119769","925.75","-50","5.92730176439012"
"E200 9366 C6B6 5771 9071 BD5D","1583487544122953","925.75","-53.5","0.0951068088489097"
"E200 9366 C6B6 7371 9071 BDCD","1583487544158813","925.75","-38.5","3.9852820869269"
"E200 9366 C6B6 5A31 9071 BD68","1583487544162815","925.75","-42.5","4.03743743371501"
"E200 9366 C6B6 5771 9071 BD5D","1583487544167220","925.75","-53.5","0.0460194236365692"
"E200 9366 C6B6 65B1 9071 BD96","1583487544170744","925.75","-43.5","5.56835026002488"
"E200 9366 C6B6 63B1 9071 BD8E","1583487544174896","925.75","-47","4.67864140305121"
"E200 9366 C6B6 7BB1 9071 BDEE","1583487544178551","925.75","-45","1.52477690315833"
"E200 9366 C6B6 7571 9071 BDD5","1583487544182726","925.75","-49","1.1965050145508"
"E200 9366 C6B6 55F1 9071 BD57","1583487544186762","925.75","-50","5.98866099590554"
"E200 9366 C6B6 7BF1 9071 BDEF","1583487544190403","925.75","-53.5","0.248504887637474"
"E200 9366 C6B6 6BF1 9071 BDAF","1583487544193713","925.75","-55.5","4.79829190450629"
"E200 9366 C6B6 6571 9071 BD95","1583487544197754","925.75","-48","0.208621387152447"
"E200 9366 C6B6 6C31 9071 BDB0","1583487544201887","925.75","-52","4.20003939723089"
"E200 9366 C6B6 5571 9071 BD55","1583487544205102","925.75","-51.5","5.88435030232932"
"E200 9366 C6B6 5D71 9071 BD75","1583487544208822","925.75","-52","0.0951068088489097"
"E200 9366 C6B6 55F1 9071 BD57","1583487544215211","925.75","-50","5.95491341857206"
"E200 9366 C6B6 7571 9071 BDD5","1583487544219499","925.75","-49","1.15968947564154"
"E200 9366 C6B6 7BB1 9071 BDEE","1583487544223066","925.75","-45","1.49716524897639"
"E200 9366 C6B6 5A31 9071 BD68","1583487544226781","925.75","-42.5","3.9852820869269"
"E200 9366 C6B6 65B1 9071 BD96","1583487544230653","925.75","-43","5.59289395263105"
"E200 9366 C6B6 7371 9071 BDCD","1583487544234432","925.75","-38.5","3.99141801007844"
"E200 9366 C6B6 5D71 9071 BD75","1583487544238211","925.75","-52","0.174873809818963"
"E200 9366 C6B6 63B1 9071 BD8E","1583487544242205","925.75","-47","1.53704874946141"
"E200 9366 C6B6 6571 9071 BD95","1583487544245541","925.75","-48","3.3870295796515"
"E200 9366 C6B6 6BF1 9071 BDAF","1583487544249136","925.75","-55","4.77988413505166"
"E200 9366 C6B6 7BF1 9071 BDEF","1583487544252844","925.75","-53.5","3.58337912050086"
"E200 9366 C6B6 5771 9071 BD5D","1583487544256349","925.75","-54","0.0766990393942821"
"E200 9366 C6B6 6C31 9071 BDB0","1583487544259679","925.75","-52","4.20617532038243"
"E200 9366 C6B6 5571 9071 BD55","1583487544262907","925.75","-51.5","5.89048622548086"
"E200 9366 C6B6 5A31 9071 BD68","1583487544300406","927.25","-42.5","0.285320426546729"
"E200 9366 C6B6 5571 9071 BD55","1583487544304198","927.25","-52","5.29530167978123"
"E200 9366 C6B6 7371 9071 BDCD","1583487544308023","927.25","-39","3.50974804268235"
"E200 9366 C6B6 55F1 9071 BD57","1583487544311864","927.25","-49.5","5.70640853093458"
"E200 9366 C6B6 65B1 9071 BD96","1583487544315929","927.25","-44","5.20019487093232"
"E200 9366 C6B6 6571 9071 BD95","1583487544319187","927.25","-49","5.76163183929847"
"E200 9366 C6B6 5D71 9071 BD75","1583487544322995","927.25","-51.5","0.156466040364335"
"E200 9366 C6B6 7BB1 9071 BDEE","1583487544327446","927.25","-45","1.15662151406577"
"E200 9366 C6B6 63B1 9071 BD8E","1583487544330845","927.25","-47","1.07378655151995"
"E200 9366 C6B6 7571 9071 BDD5","1583487544334599","927.25","-49.5","0.83755351018556"
"E200 9366 C6B6 6BF1 9071 BDAF","1583487544337589","927.25","-54.5","0.944932165337555"
"E200 9366 C6B6 6C31 9071 BDB0","1583487544341245","927.25","-51.5","0.625864161457342"
"E200 9366 C6B6 7BF1 9071 BDEF","1583487544346803","927.25","-54","0.579844737820772"
"E200 9366 C6B6 5771 9071 BD5D","1583487544349968","927.25","-54","5.6941366846315"
"E200 9366 C6B6 7BB1 9071 BDEE","1583487544355571","927.25","-45","1.14741762933846"
"E200 9366 C6B6 7BF1 9071 BDEF","1583487544359507","927.25","-54","0.681087469821225"
"E200 9366 C6B6 5A31 9071 BD68","1583487544363357","927.25","-42","3.43304900328806"
"E200 9366 C6B6 55F1 9071 BD57","1583487544367191","927.25","-49","5.7800396087531"
"E200 9366 C6B6 7371 9071 BDCD","1583487544371242","927.25","-39","0.33440781175907"
"E200 9366 C6B6 5D71 9071 BD75","1583487544374539","927.25","-51.5","0.340543734910612"
"E200 9366 C6B6 6571 9071 BD95","1583487544378393","927.25","-48.5","5.67572891517687"
"E200 9366 C6B6 65B1 9071 BD96","1583487544381874","927.25","-44","5.14497156256844"
"E200 9366 C6B6 63B1 9071 BD8E","1583487544386143","927.25","-47","4.17549570462472"
"E200 9366 C6B6 6C31 9071 BDB0","1583487544389653","927.25","-51","3.83188400813833"
"E200 9366 C6B6 5771 9071 BD5D","1583487544393367","927.25","-54","5.76469980087424"
"E200 9366 C6B6 7571 9071 BDD5","1583487544396991","927.25","-49.5","0.846757394912874"
"E200 9366 C6B6 5571 9071 BD55","1583487544400405","927.25","-53","1.98803910109979"
"E200 9366 C6B6 6BF1 9071 BDAF","1583487544403552","927.25","-54","0.865165164367502"
"E200 9366 C6B6 5771 9071 BD5D","1583487544440215","927.25","-54.5","5.78617553190464"
"E200 9366 C6B6 65B1 9071 BD96","1583487544443944","927.25","-44","5.18792302462924"
"E200 9366 C6B6 5A31 9071 BD68","1583487544447776","927.25","-42","3.42998104171229"
"E200 9366 C6B6 7371 9071 BDCD","1583487544452044","927.25","-39","3.48520435007618"
"E200 9366 C6B6 63B1 9071 BD8E","1583487544455463","927.25","-47","4.22765105141283"
"E200 9366 C6B6 7BB1 9071 BDEE","1583487544459561","927.25","-45","1.09219432097458"
"E200 9366 C6B6 5571 9071 BD55","1583487544462955","927.25","-53.5","1.7947575218262"
"E200 9366 C6B6 6571 9071 BD95","1583487544467528","927.25","-48.5","5.66345706887379"
"E200 9366 C6B6 7571 9071 BDD5","1583487544471032","927.25","-49","0.86209720279173"
"E200 9366 C6B6 6BF1 9071 BDAF","1583487544474910","927.25","-54","0.877437010670587"
"E200 9366 C6B6 5D71 9071 BD75","1583487544478721","927.25","-51","1.06765062836841"
"E200 9366 C6B6 55F1 9071 BD57","1583487544482200","927.25","-49.5","5.96718526487514"
"E200 9366 C6B6 6C31 9071 BDB0","1583487544485373","927.25","-50.5","0.791534086548991"
"E200 9366 C6B6 7BF1 9071 BDEF","1583487544499593","922.75","-53","6.26170957614919"
"E200 9366 C6B6 6571 9071 BD95","1583487544504808","922.75","-46","4.55592294002035"
"E200 9366 C6B6 55F1 9071 BD57","1583487544508629","922.75","-51","0.69335931612431"
"E200 9366 C6B6 6BF1 9071 BDAF","1583487544512499","922.75","-55.5","5.82912699396544"
"E200 9366 C6B6 7371 9071 BDCD","1583487544516370","922.75","-38","4.96396182959793"
"E200 9366 C6B6 5D71 9071 BD75","1583487544520479","922.75","-50.5","5.80765126293504"
"E200 9366 C6B6 7BB1 9071 BDEE","1583487544523650","922.75","-44.5","1.98190317794825"
"E200 9366 C6B6 65B1 9071 BD96","1583487544527559","922.75","-42","0.294524311274043"
"E200 9366 C6B6 5771 9071 BD5D","1583487544530978","922.75","-58","1.8591847149174"
"E200 9366 C6B6 5A31 9071 BD68","1583487544534679","922.75","-42","5.09895213893187"
"E200 9366 C6B6 63B1 9071 BD8E","1583487544537856","922.75","-46.5","5.57755414475219"
"E200 9366 C6B6 7571 9071 BDD5","1583487544541536","922.75","-47","1.95122356219054"
"E200 9366 C6B6 6C31 9071 BDB0","1583487544545217","922.75","-53","2.17518475722184"
"E200 9366 C6B6 5571 9071 BD55","1583487544548707","922.75","-53","0.0736310778185108"
"E200 9366 C6B6 7BF1 9071 BDEF","1583487544551936","922.75","-52","0.411106851153352"
"E200 9366 C6B6 63B1 9071 BD8E","1583487544587639","922.75","-46.5","5.59289395263105"
"E200 9366 C6B6 7BB1 9071 BDEE","1583487544591627","922.75","-44.5","2.03712648631213"
"E200 9366 C6B6 55F1 9071 BD57","1583487544595310","922.75","-52","0.803805932852076"
"E200 9366 C6B6 5A31 9071 BD68","1583487544599570","922.75","-42.5","5.2032628325081"
"E200 9366 C6B6 7371 9071 BDCD","1583487544603264","922.75","-38","5.01304921481028"
"E200 9366 C6B6 6C31 9071 BDB0","1583487544606555","922.75","-53","5.39961237335746"
"E200 9366 C6B6 65B1 9071 BD96","1583487544610403","922.75","-42","0.328271888607527"
"E200 9366 C6B6 7571 9071 BDD5","1583487544614262","922.75","-47","5.15417544729575"
"E200 9366 C6B6 6571 9071 BD95","1583487544617344","922.75","-46.5","4.54671905529304"
"E200 9366 C6B6 7BF1 9071 BDEF","1583487544621073","922.75","-52","1.1320778214596"
"E200 9366 C6B6 5771 9071 BD5D","1583487544624579","922.75","-59.5","1.5063691337037"
"E200 9366 C6B6 6BF1 9071 BDAF","1583487544628383","922.75","-55","5.88435030232932"
"E200 9366 C6B6 5571 9071 BD55","1583487544631558","922.75","-51.5","6.06229207372405"
"E200 9366 C6B6 5D71 9071 BD75","1583487544635437","922.75","-50","0.352815581213697"
"E200 9366 C6B6 6BF1 9071 BDAF","1583487544641194","922.75","-55.5","5.97945711117823"
"E200 9366 C6B6 6571 9071 BD95","1583487544645397","922.75","-46.5","4.5405831321415"
"E200 9366 C6B6 63B1 9071 BD8E","1583487544649393","922.75","-46.5","5.60516579893413"
"E200 9366 C6B6 7371 9071 BDCD","1583487544653067","922.75","-38","5.03452494584067"
"E200 9366 C6B6 5A31 9071 BD68","1583487544657431","922.75","-42.5","5.20939875565964"
"E200 9366 C6B6 65B1 9071 BD96","1583487544661511","922.75","-42","0.395767043274495"
"E200 9366 C6B6 5D71 9071 BD75","1583487544664845","922.75","-50","0.601320468851171"
"E200 9366 C6B6 7BB1 9071 BDEE","1583487544668592","922.75","-44.5","2.05553425576676"
"E200 9366 C6B6 7571 9071 BDD5","1583487544672431","922.75","-47.5","2.11382552570641"
"E200 9366 C6B6 5571 9071 BD55","1583487544675647","922.75","-51","6.04388430426943"
"E200 9366 C6B6 6C31 9071 BDB0","1583487544679355","922.75","-53.5","5.46097160487288"
"E200 9366 C6B6 7BF1 9071 BDEF","1583487544682779","922.75","-51.5","1.65669925091649"
"E200 9366 C6B6 55F1 9071 BD57","1583487544685890","922.75","-53","0.681087469821225"
"E200 9366 C6B6 5771 9071 BD5D","1583487544689099","922.75","-61","0.963339934792183"
"E200 9366 C6B6 6BF1 9071 BDAF","1583487544732909","927.75","-53","0.929592357458699"
"E200 9366 C6B6 5571 9071 BD55","1583487544736861","927.75","-50.5","4.22765105141283"
"E200 9366 C6B6 7371 9071 BDCD","1583487544740526","927.75","-39","0.251572849213245"
"E200 9366 C6B6 5771 9071 BD5D","1583487544745130","927.75","-55","4.97623367590102"
"E200 9366 C6B6 63B1 9071 BD8E","1583487544749094","927.75","-47.5","1.00322343527721"
"E200 9366 C6B6 5A31 9071 BD68","1583487544752765","927.75","-42.5","3.47906842692463"
"E200 9366 C6B6 6571 9071 BD95","1583487544756731","927.75","-48","5.62050560681299"
"E200 9366 C6B6 55F1 9071 BD57","1583487544759994","927.75","-51","6.14205907469411"
"E200 9366 C6B6 5D71 9071 BD75","1583487544763888","927.75","-50.5","6.24636976827033"
"E200 9366 C6B6 6C31 9071 BDB0","1583487544767737","927.75","-51.5","4.16015589674586"
"E200 9366 C6B6 7BB1 9071 BDEE","1583487544771434","927.75","-45.5","0.966407896367954"
"E200 9366 C6B6 65B1 9071 BD96","1583487544774736","927.75","-44.5","5.17258321675038"
"E200 9366 C6B6 7571 9071 BDD5","1583487544779893","927.75","-49.5","1.11980597515652"
"E200 9366 C6B6 7BF1 9071 BDEF","1583487544783295","927.75","-51.5","1.1106020904292"
"E200 9366 C6B6 7BF1 9071 BDEF","1583487544789900","927.75","-51.5","1.15355355249"
"E200 9366 C6B6 63B1 9071 BD8E","1583487544792925","927.75","-47.5","0.990951588974124"
"E200 9366 C6B6 6BF1 9071 BDAF","1583487544797034","927.75","-53.5","4.14174812729123"
"E200 9366 C6B6 65B1 9071 BD96","1583487544800683","927.75","-44.5","5.17565117832615"
"E200 9366 C6B6 6571 9071 BD95","1583487544805058","927.75","-48.5","5.66038910729802"
"E200 9366 C6B6 5A31 9071 BD68","1583487544809393","927.75","-42.5","0.322135965455985"
"E200 9366 C6B6 7371 9071 BDCD","1583487544813237","927.75","-39","3.40236938753035"
"E200 9366 C6B6 6C31 9071 BDB0","1583487544817211","927.75","-52.5","4.15708793517009"
"E200 9366 C6B6 5D71 9071 BD75","1583487544820758","927.75","-50.5","0.386563158547182"
"E200 9366 C6B6 7BB1 9071 BDEE","1583487544824325","927.75","-45.5","0.93266031903447"
"E200 9366 C6B6 5571 9071 BD55","1583487544827845","927.75","-50","1.15968947564154"
"E200 9366 C6B6 7571 9071 BDD5","1583487544831363","927.75","-49.5","1.13514578303537"
"E200 9366 C6B6 55F1 9071 BD57","1583487544834632","927.75","-51.5","5.96411730329937"
"E200 9366 C6B6 5771 9071 BD5D","1583487544837820","927.75","-54.5","4.88726279020365"
"E200 9366 C6B6 7BB1 9071 BDEE","1583487544873309","927.75","-45.5","0.898912741700986"
"E200 9366 C6B6 6571 9071 BD95","1583487544877303","927.75","-48.5","2.54027218473862"
"E200 9366 C6B6 63B1 9071 BD8E","1583487544881423","927.75","-47.5","1.00015547370144"
"E200 9366 C6B6 5A31 9071 BD68","1583487544885472","927.75","-43","0.312932080728671"
"E200 9366 C6B6 55F1 9071 BD57","1583487544889097","927.75","-52","5.80765126293504"
"E200 9366 C6B6 7371 9071 BDCD","1583487544903839","922.25","-38.5","5.21860264038695"
"E200 9366 C6B6 65B1 9071 BD96","1583487544907825","922.25","-42.5","0.576776776245001"
"E200 9366 C6B6 5D71 9071 BD75","1583487544910922","922.25","-50","2.6169712241329"
"E200 9366 C6B6 7571 9071 BDD5","1583487544914751","922.25","-48","2.14143717988836"
"E200 9366 C6B6 5571 9071 BD55","1583487544918656","922.25","-49","0.0859029241215959"
"E200 9366 C6B6 6C31 9071 BDB0","1583487544922136","922.25","-55","4.84124336656708"
"E200 9366 C6B6 7BF1 9071 BDEF","1583487544925531","922.25","-50.5","0.674951546669682"
"E200 9366 C6B6 6BF1 9071 BDAF","1583487544928795","922.25","-56.5","0.0490873852123405"
"E200 9366 C6B6 5771 9071 BD5D","1583487544931988","922.25","-58","0.316000042304442"
"E200 9366 C6B6 65B1 9071 BD96","1583487544937359","922.25","-42.5","0.570640853093458"
"E200 9366 C6B6 7371 9071 BDCD","1583487544941422","922.25","-39","5.19099098620501"
"E200 9366 C6B6 6BF1 9071 BDAF","1583487544945453","922.25","-56.5","0.0736310778185108"
"E200 9366 C6B6 5771 9071 BD5D","1583487544949909","922.25","-57.5","0.208621387152447"
"E200 9366 C6B6 6571 9071 BD95","1583487544953542","922.25","-47","4.65409771044504"
"E200 9366 C6B6 5A31 9071 BD68","1583487544957357","922.25","-43.5","5.29223371820546"
"E200 9366 C6B6 7571 9071 BDD5","1583487544961583","922.25","-48","2.08007794837293"
"E200 9366 C6B6 7BB1 9071 BDEE","1583487544965164","922.25","-45","5.24314633299312"
"E200 9366 C6B6 55F1 9071 BD57","1583487544969691","922.25","-51.5","0.0398835004850267"
"E200 9366 C6B6 7BF1 9071 BDEF","1583487544973092","922.25","-50.5","4.144816088867"
"E200 9366 C6B6 63B1 9071 BD8E","1583487544976630","922.25","-47","5.76469980087424"
"E200 9366 C6B6 5571 9071 BD55","1583487544980187","922.25","-49","0.193281579273591"
"E200 9366 C6B6 5D71 9071 BD75","1583487544983490","922.25","-50.5","6.18807849833068"
"E200 9366 C6B6 6C31 9071 BDB0","1583487544986772","922.25","-54.5","4.73693267299086"
"E200 9366 C6B6 6571 9071 BD95","1583487545023257","922.25","-47.5","4.57433070947498"
"E200 9366 C6B6 5D71 9071 BD75","1583487545026968","922.25","-50.5","0.187145656122048"
"E200 9366 C6B6 7371 9071 BDCD","1583487545031373","922.25","-39","5.15110748571998"
"E200 9366 C6B6 5A31 9071 BD68","1583487545034821","922.25","-43.5","5.22473856353849"
"E200 9366 C6B6 65B1 9071 BD96","1583487545038845","922.25","-43","0.493941813699176"
"E200 9366 C6B6 7BB1 9071 BDEE","1583487545042033","922.25","-45","5.17871913990192"
"E200 9366 C6B6 6BF1 9071 BDAF","1583487545045642","922.25","-57","0.0276116541819415"
"E200 9366 C6B6 7571 9071 BDD5","1583487545049660","922.25","-48","2.03099056316059"
"E200 9366 C6B6 5571 9071 BD55","1583487545052885","922.25","-49","0.266912657092102"
"E200 9366 C6B6 55F1 9071 BD57","1583487545057591","922.25","-51","0.042951462060798"
"E200 9366 C6B6 63B1 9071 BD8E","1583487545060975","922.25","-47","5.6941366846315"
"E200 9366 C6B6 7BF1 9071 BDEF","1583487545064814","922.25","-50","4.64489382571772"
"E200 9366 C6B6 6C31 9071 BDB0","1583487545068123","922.25","-54","1.4634176716429"
"E200 9366 C6B6 5771 9071 BD5D","1583487545071302","922.25","-56.5","0.306796157577128"
"E200 9366 C6B6 6571 9071 BD95","1583487545077612","922.25","-47.5","4.53137924741418"
"E200 9366 C6B6 5A31 9071 BD68","1583487545081036","922.25","-43.5","5.14497156256844"
"E200 9366 C6B6 63B1 9071 BD8E","1583487545085133","922.25","-47","5.68800076147996"
"E200 9366 C6B6 65B1 9071 BD96","1583487545088598","922.25","-43","0.460194236365692"
"E200 9366 C6B6 7371 9071 BDCD","1583487545092993","922.25","-39","5.1173599083865"
"E200 9366 C6B6 7BB1 9071 BDEE","1583487545103995","925.25","-45","1.30388366970279"
"E200 9366 C6B6 5571 9071 BD55","1583487545108086","925.25","-49.5","5.37200071917552"
"E200 9366 C6B6 7571 9071 BDD5","1583487545111846","925.25","-49","4.5620588631719"
"E200 9366 C6B6 55F1 9071 BD57","1583487545114917","925.25","-50.5","5.84753476342006"
"E200 9366 C6B6 6C31 9071 BDB0","1583487545119543","925.25","-53.5","4.00982577953307"
"E200 9366 C6B6 7BF1 9071 BDEF","1583487545123493","925.25","-50.5","4.02209762583615"
"E200 9366 C6B6 5D71 9071 BD75","1583487545126797","925.25","-51","6.00706876536017"
"E200 9366 C6B6 5771 9071 BD5D","1583487545130290","925.25","-55","5.79844737820772"
"E200 9366 C6B6 6BF1 9071 BDAF","1583487545133576","925.25","-55.5","5.16337933202307"
"E200 9366 C6B6 7BF1 9071 BDEF","1583487545169741","925.25","-50.5","4.23992289771591"
"E200 9366 C6B6 65B1 9071 BD96","1583487545173053","925.25","-44","5.70334056935881"
"E200 9366 C6B6 6571 9071 BD95","1583487545177090","925.25","-48.5","0.125786424606623"
"E200 9366 C6B6 7571 9071 BDD5","1583487545181112","925.25","-49","1.39592251697593"
"E200 9366 C6B6 7371 9071 BDCD","1583487545184790","925.25","-39","0.948000126913326"
"E200 9366 C6B6 55F1 9071 BD57","1583487545190307","925.25","-50.5","5.83833087869275"
"E200 9366 C6B6 5A31 9071 BD68","1583487545193570","925.25","-43","4.08038889577581"
"E200 9366 C6B6 63B1 9071 BD8E","1583487545197365","925.25","-47","4.64489382571772"
"E200 9366 C6B6 7BB1 9071 BDEE","1583487545201090","925.25","-45","1.2394564766116"
"E200 9366 C6B6 6C31 9071 BDB0","1583487545204193","925.25","-53","3.93926266329033"
"E200 9366 C6B6 5571 9071 BD55","1583487545208717","925.25","-49.5","5.39654441178169"
"E200 9366 C6B6 5D71 9071 BD75","1583487545212034","925.25","-51","6.25864161457342"
"E200 9366 C6B6 5771 9071 BD5D","1583487545216315","925.25","-54.5","5.83833087869275"
"E200 9366 C6B6 6BF1 9071 BDAF","1583487545219658","925.25","-55.5","5.10508806208341"
"E200 9366 C6B6 7BF1 9071 BDEF","1583487545225763","925.25","-50.5","4.39945689965602"
"E200 9366 C6B6 7371 9071 BDCD","1583487545229637","925.25","-39","4.08038889577581"
"E200 9366 C6B6 63B1 9071 BD8E","1583487545233392","925.25","-47","4.68784528777852"
"E200 9366 C6B6 7BB1 9071 BDEE","1583487545236995","925.25","-45","1.23638851503583"
"E200 9366 C6B6 5A31 9071 BD68","1583487545240692","925.25","-43","4.06504908789695"
"E200 9366 C6B6 65B1 9071 BD96","1583487545244206","925.25","-44","5.68800076147996"
"E200 9366 C6B6 6571 9071 BD95","1583487545248655","925.25","-48.5","0.0859029241215959"
"E200 9366 C6B6 55F1 9071 BD57","1583487545252473","925.25","-50","5.88741826390509"
"E200 9366 C6B6 7571 9071 BDD5","1583487545256430","925.25","-49","1.38671863224862"
"E200 9366 C6B6 5571 9071 BD55","1583487545260307","925.25","-49.5","5.39347645020591"
"E200 9366 C6B6 5D71 9071 BD75","1583487545264125","925.25","-51","3.32873830971184"
"E200 9366 C6B6 6C31 9071 BDB0","1583487545267424","925.25","-52.5","0.776194278670134"
"E200 9366 C6B6 5771 9071 BD5D","1583487545270948","925.25","-55","5.82912699396544"
"E200 9366 C6B6 6BF1 9071 BDAF","1583487545274247","925.25","-55.5","5.1603113704473"
"E200 9366 C6B6 5A31 9071 BD68","1583487545310120","923.75","-43","4.5405831321415"
"E200 9366 C6B6 7371 9071 BDCD","1583487545314658","923.75","-38.5","4.55285497844458"
"E200 9366 C6B6 5571 9071 BD55","1583487545318397","923.75","-49.5","6.03774838111788"
"E200 9366 C6B6 7571 9071 BDD5","1583487545322017","923.75","-48.5","4.71852490353623"
"E200 9366 C6B6 6BF1 9071 BDAF","1583487545325902","923.75","-57","5.7370881466923"
"E200 9366 C6B6 65B1 9071 BD96","1583487545329573","923.75","-43.5","6.14512703626988"
"E200 9366 C6B6 55F1 9071 BD57","1583487545334345","923.75","-50","6.15739888257296"
"E200 9366 C6B6 63B1 9071 BD8E","1583487545337952","923.75","-47","5.12042786996227"
"E200 9366 C6B6 7BB1 9071 BDEE","1583487545341239","923.75","-45","1.57386428837067"
"E200 9366 C6B6 5D71 9071 BD75","1583487545344908","923.75","-51","3.79506846922908"
"E200 9366 C6B6 7BF1 9071 BDEF","1583487545348300","923.75","-50.5","4.96396182959793"
"E200 9366 C6B6 6571 9071 BD95","1583487545351782","923.75","-48","0.656543777215054"
"E200 9366 C6B6 6C31 9071 BDB0","1583487545355457","923.75","-52.5","1.13821374461115"
"E200 9366 C6B6 5771 9071 BD5D","1583487545358640","923.75","-55.5","0.0582912699396544"
"E200 9366 C6B6 6BF1 9071 BDAF","1583487545364611","923.75","-56.5","5.58982599105528"
"E200 9366 C6B6 65B1 9071 BD96","1583487545368454","923.75","-43.5","6.14512703626988"
"E200 9366 C6B6 63B1 9071 BD8E","1583487545372415","923.75","-46.5","5.16644729359884"
"E200 9366 C6B6 6C31 9071 BDB0","1583487545376150","923.75","-52.5","4.29207824450402"
"E200 9366 C6B6 7371 9071 BDCD","1583487545380824","923.75","-38.5","4.57739867105075"
"E200 9366 C6B6 5A31 9071 BD68","1583487545384478","923.75","-43","4.56819478632344"
"E200 9366 C6B6 7BB1 9071 BDEE","1583487545388163","923.75","-45","1.5707963267949"
"E200 9366 C6B6 7BF1 9071 BDEF","1583487545392401","923.75","-50","4.94248609856754"
"E200 9366 C6B6 6571 9071 BD95","1583487545396048","923.75","-48","0.674951546669682"
"E200 9366 C6B6 5771 9071 BD5D","1583487545399431","923.75","-55.5","0.00306796157577128"
"E200 9366 C6B6 5571 9071 BD55","1583487545403755","923.75","-49.5","6.01320468851171"
"E200 9366 C6B6 5D71 9071 BD75","1583487545406912","923.75","-51","0.582912699396544"
"E200 9366 C6B6 55F1 9071 BD57","1583487545410781","923.75","-50","6.14819499784565"
"E200 9366 C6B6 7571 9071 BDD5","1583487545414151","923.75","-48.5","4.74000063456663"
"E200 9366 C6B6 5571 9071 BD55","1583487545450373","923.75","-49.5","5.99479691905709"
"E200 9366 C6B6 65B1 9071 BD96","1583487545453898","923.75","-43.5","6.17887461360336"
"E200 9366 C6B6 63B1 9071 BD8E","1583487545457881","923.75","-47","1.9972429858271"
"E200 9366 C6B6 7BB1 9071 BDEE","1583487545461727","923.75","-45","1.5922720578253"
"E200 9366 C6B6 5A31 9071 BD68","1583487545465196","923.75","-43","4.59580644050538"
"E200 9366 C6B6 7371 9071 BDCD","1583487545468683","923.75","-38.5","4.57739867105075"
"E200 9366 C6B6 7571 9071 BDD5","1583487545472184","923.75","-48.5","1.61374778885569"
"E200 9366 C6B6 55F1 9071 BD57","1583487545476830","923.75","-50","6.09603965105754"
"E200 9366 C6B6 7BF1 9071 BDEF","1583487545480343","923.75","-50.5","4.72772878826355"
"E200 9366 C6B6 5D71 9071 BD75","1583487545483935","923.75","-51","3.568039312622"
"E200 9366 C6B6 5771 9071 BD5D","1583487545487625","923.75","-55.5","6.26784549930073"
"E200 9366 C6B6 6571 9071 BD95","1583487545491410","923.75","-48","0.760854470791278"
"E200 9366 C6B6 6C31 9071 BDB0","1583487545494662","923.75","-53","4.29514620607979"
"E200 9366 C6B6 6BF1 9071 BDAF","1583487545509509","923.25","-57","5.88435030232932"
"E200 9366 C6B6 5771 9071 BD5D","1583487545514252","923.25","-56","0.159534001940107"
"E200 9366 C6B6 7BB1 9071 BDEE","1583487545518408","923.25","-45","1.75487402134117"
"E200 9366 C6B6 5571 9071 BD55","1583487545522032","923.25","-49.5","6.21262219093685"
"E200 9366 C6B6 7371 9071 BDCD","1583487545525755","923.25","-38.5","4.7645443271728"
"E200 9366 C6B6 5A31 9071 BD68","1583487545529812","923.25","-43","4.81669967396091"
"E200 9366 C6B6 63B1 9071 BD8E","1583487545533029","923.25","-47","5.31677741081163"
"E200 9366 C6B6 65B1 9071 BD96","1583487545536726","923.25","-43","0.11965050145508"
"E200 9366 C6B6 55F1 9071 BD57","1583487545540990","923.25","-50.5","6.12671926681525"
"E200 9366 C6B6 6571 9071 BD95","1583487545546278","923.25","-48","1.01242732000452"
"E200 9366 C6B6 6C31 9071 BDB0","1583487545549881","923.25","-53.5","1.31308755443011"
"E200 9366 C6B6 7571 9071 BDD5","1583487545553658","923.25","-48.5","1.73953421346232"
"E200 9366 C6B6 7BF1 9071 BDEF","1583487545556869","923.25","-50","4.52524332426264"
"E200 9366 C6B6 5D71 9071 BD75","1583487545559980","923.25","-51","0.233165079758617"
"E200 9366 C6B6 6BF1 9071 BDAF","1583487545563244","923.25","-56.5","5.97638914960246"
"E200 9366 C6B6 5A31 9071 BD68","1583487545599144","923.25","-43.5","4.8719229823248"
"E200 9366 C6B6 65B1 9071 BD96","1583487545603520","923.25","-43","0.159534001940107"
"E200 9366 C6B6 5771 9071 BD5D","1583487545607290","923.25","-56.5","0.0797670009700533"
"E200 9366 C6B6 7371 9071 BDCD","1583487545611391","923.25","-38.5","4.80135986608206"
"E200 9366 C6B6 63B1 9071 BD8E","1583487545615344","923.25","-47","5.40881625808477"
"E200 9366 C6B6 7BB1 9071 BDEE","1583487545619494","923.25","-45.5","1.90520413855397"
"E200 9366 C6B6 7BF1 9071 BDEF","1583487545623106","923.25","-50","4.11106851153352"
"E200 9366 C6B6 7571 9071 BDD5","1583487545627095","923.25","-48.5","1.8806604459478"
"E200 9366 C6B6 6571 9071 BD95","1583487545630770","923.25","-47.5","1.1965050145508"
"E200 9366 C6B6 55F1 9071 BD57","1583487545634760","923.25","-51.5","6.12365130523948"
"E200 9366 C6B6 6BF1 9071 BDAF","1583487545638240","923.25","-56","6.05308818899674"
"E200 9366 C6B6 5571 9071 BD55","1583487545641827","923.25","-49","6.15126295942142"
"E200 9366 C6B6 5D71 9071 BD75","1583487545645139","923.25","-50.5","5.97025322645092"
"E200 9366 C6B6 6C31 9071 BDB0","1583487545648443","923.25","-54.5","4.5620588631719"
"E200 9366 C6B6 7371 9071 BDCD","1583487545654647","923.25","-38.5","4.83817540499131"
"E200 9366 C6B6 7BB1 9071 BDEE","1583487545658397","923.25","-45","1.96656337006939"
"E200 9366 C6B6 65B1 9071 BD96","1583487545662417","923.25","-43","0.193281579273591"
"E200 9366 C6B6 7BF1 9071 BDEF","1583487545666503","923.25","-50.5","0.638136007760427"
"E200 9366 C6B6 6C31 9071 BDB0","1583487545669725","923.25","-55","4.65716567202081"
"E200 9366 C6B6 5A31 9071 BD68","1583487545674078","923.25","-43.5","4.97009775274948"
"E200 9366 C6B6 63B1 9071 BD8E","1583487545677812","923.25","-47","5.43949587384248"
"E200 9366 C6B6 7571 9071 BDD5","1583487545681402","923.25","-48.5","1.90520413855397"
"E200 9366 C6B6 6571 9071 BD95","1583487545685172","923.25","-47.5","4.40559282280756"
"E200 9366 C6B6 5571 9071 BD55","1583487545688740","923.25","-49.5","6.13285518996679"
"E200 9366 C6B6 5771 9071 BD5D","1583487545691959","923.25","-57","0.177941771394734"
"E200 9366 C6B6 55F1 9071 BD57","1583487545695558","923.25","-52","6.20955422936108"
"E200 9366 C6B6 5D71 9071 BD75","1583487545699040","923.25","-50","2.4359614911624"
"E200 9366 C6B6 6BF1 9071 BDAF","1583487545714044","924.25","-55.5","5.61743764523722"
"E200 9366 C6B6 7371 9071 BDCD","1583487545749007","924.25","-38.5","4.54978701686881"
"E200 9366 C6B6 63B1 9071 BD8E","1583487545753139","924.25","-46.5","2.08621387152447"
"E200 9366 C6B6 6C31 9071 BDB0","1583487545756874","924.25","-55","4.96396182959793"
"E200 9366 C6B6 5A31 9071 BD68","1583487545760723","924.25","-43","4.74000063456663"
"E200 9366 C6B6 65B1 9071 BD96","1583487545764795","924.25","-43","6.19421442148222"
"E200 9366 C6B6 6BF1 9071 BDAF","1583487545768109","924.25","-55","5.64198133784339"
"E200 9366 C6B6 6571 9071 BD95","1583487545772918","924.25","-47.5","0.951068088489098"
"E200 9366 C6B6 7BB1 9071 BDEE","1583487545776255","924.25","-45","1.7947575218262"
"E200 9366 C6B6 7571 9071 BDD5","1583487545779757","924.25","-48.5","4.99157348377988"
"E200 9366 C6B6 5571 9071 BD55","1583487545784295","924.25","-49.5","5.65425318414647"
"E200 9366 C6B6 5D71 9071 BD75","1583487545787624","924.25","-50","1.42660213273365"
"E200 9366 C6B6 7BF1 9071 BDEF","1583487545791197","924.25","-50.5","2.33778672073772"
"E200 9366 C6B6 55F1 9071 BD57","1583487545794474","924.25","-53.5","0.196349540849362"
"E200 9366 C6B6 5771 9071 BD5D","1583487545797636","924.25","-57.5","0.00306796157577128"
"E200 9366 C6B6 5571 9071 BD55","1583487545803563","924.25","-49.5","5.64811726099493"
"E200 9366 C6B6 65B1 9071 BD96","1583487545807457","924.25","-43","6.20955422936108"
"E200 9366 C6B6 5D71 9071 BD75","1583487545811564","924.25","-50","1.1750292835204"
"E200 9366 C6B6 5A31 9071 BD68","1583487545815664","924.25","-42.5","4.7430685961424"
"E200 9366 C6B6 6BF1 9071 BDAF","1583487545819150","924.25","-55","5.59902987578259"
"E200 9366 C6B6 55F1 9071 BD57","1583487545822986","924.25","-53.5","0.294524311274043"
"E200 9366 C6B6 7BB1 9071 BDEE","1583487545827475","924.25","-44.5","1.81009732970506"
"E200 9366 C6B6 7371 9071 BDCD","1583487545830965","924.25","-38","4.5620588631719"
"E200 9366 C6B6 63B1 9071 BD8E","1583487545835214","924.25","-46.5","5.19712690935655"
"E200 9366 C6B6 6571 9071 BD95","1583487545839147","924.25","-47","0.929592357458699"
"E200 9366 C6B6 7571 9071 BDD5","1583487545842508","924.25","-48","1.80702936812929"
"E200 9366 C6B6 7BF1 9071 BDEF","1583487545845850","924.25","-51","1.86532063806894"
"E200 9366 C6B6 6C31 9071 BDB0","1583487545849167","924.25","-53.5","5.16644729359884"
"E200 9366 C6B6 5771 9071 BD5D","1583487545852377","924.25","-58","0.248504887637474"
"E200 9366 C6B6 6571 9071 BD95","1583487545888300","924.25","-46.5","0.895844780125214"
"E200 9366 C6B6 6C31 9071 BDB0","1583487545892490","924.25","-53","5.18485506305347"
"E200 9366 C6B6 5D71 9071 BD75","1583487545896361","924.25","-50.5","0.432582582183751"
"E200 9366 C6B6 65B1 9071 BD96","1583487545900103","924.25","-42.5","6.13899111311834"
"E200 9366 C6B6 7371 9071 BDCD","1583487545915096","926.25","-38.5","3.8564277007445"
"E200 9366 C6B6 5A31 9071 BD68","1583487545919190","926.25","-42","3.9638063558965"
"E200 9366 C6B6 63B1 9071 BD8E","1583487545922403","926.25","-46.5","4.54978701686881"
"E200 9366 C6B6 7571 9071 BDD5","1583487545926587","926.25","-48.5","1.33763124703628"
"E200 9366 C6B6 7BB1 9071 BDEE","1583487545930388","926.25","-44.5","1.32842736230897"
"E200 9366 C6B6 5571 9071 BD55","1583487545934854","926.25","-51.5","4.98236959905256"
"E200 9366 C6B6 6BF1 9071 BDAF","1583487545938392","926.25","-54","4.64182586414195"
"E200 9366 C6B6 5771 9071 BD5D","1583487545941596","926.25","-56","6.11444742051217"
"E200 9366 C6B6 7BF1 9071 BDEF","1583487545948468","926.25","-52","0.21475731030399"
"E200 9366 C6B6 55F1 9071 BD57","1583487545951739","926.25","-51","0.236233041334389"
"E200 9366 C6B6 55F1 9071 BD57","1583487545957437","926.25","-50.5","0.184077694546277"
"E200 9366 C6B6 6571 9071 BD95","1583487545961665","926.25","-47","6.20035034463376"
"E200 9366 C6B6 7571 9071 BDD5","1583487545966073","926.25","-48.5","1.29467978497548"
"E200 9366 C6B6 6C31 9071 BDB0","1583487545969370","926.25","-51","4.52831128583841"
"E200 9366 C6B6 7371 9071 BDCD","1583487545973252","926.25","-38.5","3.82268012341102"
"E200 9366 C6B6 5A31 9071 BD68","1583487545977244","926.25","-41.5","3.86563158547182"
"E200 9366 C6B6 6BF1 9071 BDAF","1583487545980553","926.25","-54","1.48182544109753"
"E200 9366 C6B6 65B1 9071 BD96","1583487545984459","926.25","-43","5.47324345117597"
"E200 9366 C6B6 63B1 9071 BD8E","1583487545988435","926.25","-46.5","1.34069920861205"
"E200 9366 C6B6 7BB1 9071 BDEE","1583487545991958","926.25","-44.5","1.28547590024817"
"E200 9366 C6B6 5D71 9071 BD75","1583487545995563","926.25","-51","5.18485506305347"
"E200 9366 C6B6 5771 9071 BD5D","1583487545999510","926.25","-55","6.20955422936108"
"E200 9366 C6B6 5571 9071 BD55","1583487546003027","926.25","-52","5.18792302462924"
"E200 9366 C6B6 7BF1 9071 BDEF","1583487546006279","926.25","-52.5","5.84139884026852"
"E200 9366 C6B6 5771 9071 BD5D","1583487546042494","926.25","-54.5","0.00306796157577128"
"E200 9366 C6B6 6571 9071 BD95","1583487546046353","926.25","-47.5","6.18807849833068"
"E200 9366 C6B6 7371 9071 BDCD","1583487546049979","926.25","-38.5","0.647339892487741"
"E200 9366 C6B6 5A31 9071 BD68","1583487546053645","926.25","-41.5","3.8134762386837"
"E200 9366 C6B6 65B1 9071 BD96","1583487546057764","926.25","-43","5.3842725654786"
"E200 9366 C6B6 7571 9071 BDD5","1583487546061221","926.25","-48.5","1.13821374461115"
"E200 9366 C6B6 7BB1 9071 BDEE","1583487546064866","926.25","-44.5","1.26706813079354"
"E200 9366 C6B6 63B1 9071 BD8E","1583487546068368","926.25","-46.5","4.50376759323224"
"E200 9366 C6B6 7BF1 9071 BDEF","1583487546071808","926.25","-53","5.27382594875083"
"E200 9366 C6B6 6BF1 9071 BDAF","1583487546076181","926.25","-54","4.61114624838424"
"E200 9366 C6B6 6C31 9071 BDB0","1583487546079864","926.25","-51","4.29821416765557"
"E200 9366 C6B6 5571 9071 BD55","1583487546083276","926.25","-52.5","5.45176772014557"
"E200 9366 C6B6 55F1 9071 BD57","1583487546086617","926.25","-50","6.21262219093685"
"E200 9366 C6B6 5D71 9071 BD75","1583487546089887","926.25","-51","4.40252486123179"
"E200 9366 C6B6 7BB1 9071 BDEE","1583487546095776","926.25","-44.5","1.27013609236931"
"E200 9366 C6B6 5D71 9071 BD75","1583487546099814","926.25","-51.5","1.30081570812702"
"E200 9366 C6B6 7371 9071 BDCD","1583487546103639","926.25","-38.5","3.77359273819868"
"E200 9366 C6B6 5A31 9071 BD68","1583487546118064","926.75","-42","3.58644708207663"
"E200 9366 C6B6 5571 9071 BD55","1583487546122560","926.75","-52","2.1905245651007"
"E200 9366 C6B6 6C31 9071 BDB0","1583487546126330","926.75","-51","0.901980703276757"
"E200 9366 C6B6 65B1 9071 BD96","1583487546129623","926.75","-43.5","5.20019487093232"
"E200 9366 C6B6 7571 9071 BDD5","1583487546133487","926.75","-48.5","1.00322343527721"
"E200 9366 C6B6 63B1 9071 BD8E","1583487546137232","926.75","-47","1.15048559091423"
"E200 9366 C6B6 55F1 9071 BD57","1583487546140869","926.75","-49.5","5.99479691905709"
"E200 9366 C6B6 6571 9071 BD95","1583487546144315","926.75","-48","5.9180978796628"
"E200 9366 C6B6 5771 9071 BD5D","1583487546147491","926.75","-53.5","6.04388430426943"
"E200 9366 C6B6 6BF1 9071 BDAF","1583487546150918","926.75","-54.5","4.37491320704985"
"E200 9366 C6B6 7BF1 9071 BDEF","1583487546154310","926.75","-53.5","4.40866078438333"
"E200 9366 C6B6 5771 9071 BD5D","1583487546189887","926.75","-53","6.01627265008749"
"E200 9366 C6B6 7BB1 9071 BDEE","1583487546193524","926.75","-45","1.16275743721732"
"E200 9366 C6B6 7371 9071 BDCD","1583487546197412","926.75","-39","0.500077736850719"
"E200 9366 C6B6 65B1 9071 BD96","1583487546201249","926.75","-43.5","5.23394244826581"
"E200 9366 C6B6 63B1 9071 BD8E","1583487546205851","926.75","-47","4.35036951444368"
"E200 9366 C6B6 5A31 9071 BD68","1583487546209569","926.75","-42","3.60485485153126"
"E200 9366 C6B6 6571 9071 BD95","1583487546213929","926.75","-48","5.92730176439012"
"E200 9366 C6B6 6C31 9071 BDB0","1583487546218674","926.75","-51","3.96687431747227"
"E200 9366 C6B6 5D71 9071 BD75","1583487546222149","926.75","-51.5","0.438718505335293"
"E200 9366 C6B6 7571 9071 BDD5","1583487546225944","926.75","-49","1.00015547370144"
"E200 9366 C6B6 5571 9071 BD55","1583487546229680","926.75","-51","2.39607799067737"
"E200 9366 C6B6 55F1 9071 BD57","1583487546233031","926.75","-50","5.86287457129892"
"E200 9366 C6B6 7BF1 9071 BDEF","1583487546236777","926.75","-53.5","3.83801993128987"
"E200 9366 C6B6 6BF1 9071 BDAF","1583487546240090","926.75","-55","4.46388409274722"
"E200 9366 C6B6 63B1 9071 BD8E","1583487546246082","926.75","-47","1.16889336036886"
"E200 9366 C6B6 7371 9071 BDCD","1583487546249939","926.75","-39","0.524621429456889"
"E200 9366 C6B6 7571 9071 BDD5","1583487546253980","926.75","-49","0.966407896367954"
"E200 9366 C6B6 5A31 9071 BD68","1583487546258546","926.75","-42","3.59258300522817"
"E200 9366 C6B6 5771 9071 BD5D","1583487546262289","926.75","-52.5","5.95184545699629"
"E200 9366 C6B6 7BB1 9071 BDEE","1583487546266399","926.75","-45","1.18116520667194"
"E200 9366 C6B6 65B1 9071 BD96","1583487546270093","926.75","-44","5.2032628325081"
"E200 9366 C6B6 6571 9071 BD95","1583487546274082","926.75","-48","5.94570953384475"
"E200 9366 C6B6 55F1 9071 BD57","1583487546277875","926.75","-50","5.82299107081389"
"E200 9366 C6B6 5571 9071 BD55","1583487546281590","926.75","-50.5","2.42675760643508"
"E200 9366 C6B6 5D71 9071 BD75","1583487546285118","926.75","-51.5","0.116582539879309"
"E200 9366 C6B6 6C31 9071 BDB0","1583487546288801","926.75","-51.5","3.99755393322998"
"E200 9366 C6B6 7BF1 9071 BDEF","1583487546292205","926.75","-54","0.337475773334841"
"E200 9366 C6B6 6BF1 9071 BDAF","1583487546295357","926.75","-55","4.46388409274722"
"E200 9366 C6B6 7371 9071 BDCD","1583487546331541","924.75","-38.5","4.31968989868597"
"E200 9366 C6B6 7BB1 9071 BDEE","1583487546335497","924.75","-44.5","1.61374778885569"
"E200 9366 C6B6 5A31 9071 BD68","1583487546340500","924.75","-42.5","4.33196174498905"
"E200 9366 C6B6 65B1 9071 BD96","1583487546344386","924.75","-43","5.80765126293504"
"E200 9366 C6B6 7571 9071 BDD5","1583487546347994","924.75","-48.5","4.50069963165647"
"E200 9366 C6B6 6571 9071 BD95","1583487546351655","924.75","-47","0.567572891517687"
"E200 9366 C6B6 6C31 9071 BDB0","1583487546354913","924.75","-52.5","4.65102974886926"
"E200 9366 C6B6 63B1 9071 BD8E","1583487546358702","924.75","-47","4.93021425226445"
"E200 9366 C6B6 55F1 9071 BD57","1583487546362851","924.75","-51","6.25557365299764"
"E200 9366 C6B6 5771 9071 BD5D","1583487546367321","924.75","-52","0.423378697456437"
"E200 9366 C6B6 7BF1 9071 BDEF","1583487546371660","924.75","-53.5","0.297592272849814"
"E200 9366 C6B6 5571 9071 BD55","1583487546374897","924.75","-50","0.0552233083638831"
"E200 9366 C6B6 6BF1 9071 BDAF","1583487546378413","924.75","-55.5","5.30143760293278"
"E200 9366 C6B6 5D71 9071 BD75","1583487546381906","924.75","-51.5","0.227029156607075"
"E200 9366 C6B6 6BF1 9071 BDAF","1583487546387765","924.75","-55.5","5.33825314184203"
"E200 9366 C6B6 5A31 9071 BD68","1583487546392011","924.75","-42.5","4.35343747601945"
"E200 9366 C6B6 55F1 9071 BD57","1583487546396013","924.75","-51.5","6.26170957614919"
"E200 9366 C6B6 63B1 9071 BD8E","1583487546399738","924.75","-47","4.93328221384022"
"E200 9366 C6B6 7371 9071 BDCD","1583487546403405","924.75","-38.5","1.18730112982349"
"E200 9366 C6B6 65B1 9071 BD96","1583487546407380","924.75","-43","5.80765126293504"
"E200 9366 C6B6 7BB1 9071 BDEE","1583487546410573","924.75","-44.5","1.62908759673455"
"E200 9366 C6B6 5D71 9071 BD75","1583487546414940","924.75","-51.5","0.00920388472731385"
"E200 9366 C6B6 7571 9071 BDD5","1583487546418801","924.75","-48.5","1.38058270909708"
"E200 9366 C6B6 5771 9071 BD5D","1583487546422011","924.75","-52","0.294524311274043"
"E200 9366 C6B6 6C31 9071 BDB0","1583487546426468","924.75","-52.5","4.61114624838424"
"E200 9366 C6B6 6571 9071 BD95","1583487546431061","924.75","-47","0.539961237335746"
"E200 9366 C6B6 5571 9071 BD55","1583487546434440","924.75","-49","6.27704938402804"
"E200 9366 C6B6 7BF1 9071 BDEF","1583487546437507","924.75","-53.5","6.14205907469411"
"E200 9366 C6B6 6BF1 9071 BDAF","1583487546473129","924.75","-55.5","5.31064148766009"
"E200 9366 C6B6 7571 9071 BDD5","1583487546477267","924.75","-49","1.3989904785517"
"E200 9366 C6B6 7371 9071 BDCD","1583487546481150","924.75","-38.5","4.33196174498905"
"E200 9366 C6B6 63B1 9071 BD8E","1583487546484917","924.75","-47","1.86532063806894"
"E200 9366 C6B6 65B1 9071 BD96","1583487546488655","924.75","-43","5.81992310923812"
"E200 9366 C6B6 7BB1 9071 BDEE","1583487546492343","924.75","-44.5","1.60454390412838"
"E200 9366 C6B6 6571 9071 BD95","1583487546496487","924.75","-47","0.546097160487288"
"E200 9366 C6B6 5A31 9071 BD68","1583487546500333","924.75","-42.5","4.42706855383796"
"E200 9366 C6B6 6C31 9071 BDB0","1583487546505746","924.75","-53","4.69704917250583"
"E200 9366 C6B6 5D71 9071 BD75","1583487546512022","924.75","-52","5.87514641760201"
"E200 9366 C6B6 5571 9071 BD55","1583487546516010","924.75","-49","6.14205907469411"
"E200 9366 C6B6 55F1 9071 BD57","1583487546519354","924.75","-52","0.0521553467881118"
"E200 9366 C6B6 5771 9071 BD5D","1583487546536042","925.75","-52","5.97638914960246"
"E200 9366 C6B6 7BF1 9071 BDEF","1583487546539191","925.75","-53","2.22120418085841"
"E200 9366 C6B6 6C31 9071 BDB0","1583487546543903","925.75","-52","4.48229186220184"
"E200 9366 C6B6 5771 9071 BD5D","1583487546548765","925.75","-52","5.93343768754166"
"E200 9366 C6B6 65B1 9071 BD96","1583487546551869","925.75","-43.5","5.55301045214602"
"E200 9366 C6B6 7371 9071 BDCD","1583487546555749","925.75","-38.5","4.00062189480575"
"E200 9366 C6B6 5A31 9071 BD68","1583487546559583","925.75","-42.5","4.07732093420003"
"E200 9366 C6B6 7571 9071 BDD5","1583487546563602","925.75","-49.5","1.31308755443011"
"E200 9366 C6B6 55F1 9071 BD57","1583487546567098","925.75","-51.5","6.21875811408839"
"E200 9366 C6B6 5571 9071 BD55","1583487546571430","925.75","-48.5","5.6941366846315"
"E200 9366 C6B6 7BB1 9071 BDEE","1583487546574884","925.75","-44.5","1.38671863224862"
"E200 9366 C6B6 63B1 9071 BD8E","1583487546578430","925.75","-47","1.57386428837067"
"E200 9366 C6B6 6571 9071 BD95","1583487546581710","925.75","-47.5","0.11965050145508"
"E200 9366 C6B6 6BF1 9071 BDAF","1583487546585282","925.75","-55","4.94862202171908"
"E200 9366 C6B6 5D71 9071 BD75","1583487546591448","925.75","-51.5","2.0401944478879"
"E200 9366 C6B6 7BF1 9071 BDEF","1583487546594850","925.75","-52.5","1.93281579273591"
"E200 9366 C6B6 5D71 9071 BD75","1583487546630574","925.75","-51.5","1.82850509915968"
"E200 9366 C6B6 55F1 9071 BD57","1583487546634828","925.75","-52","0.0368155389092554"
"E200 9366 C6B6 65B1 9071 BD96","1583487546639113","925.75","-43.5","5.5867580294795"
"E200 9366 C6B6 7571 9071 BDD5","1583487546643517","925.75","-49","1.4634176716429"
"E200 9366 C6B6 7371 9071 BDCD","1583487546647616","925.75","-38.5","3.99448597165421"
"E200 9366 C6B6 6571 9071 BD95","1583487546652029","925.75","-47.5","0.153398078788564"
"E200 9366 C6B6 5A31 9071 BD68","1583487546656354","925.75","-42.5","4.08345685735158"
"E200 9366 C6B6 7BB1 9071 BDEE","1583487546659561","925.75","-44.5","1.39592251697593"
"E200 9366 C6B6 5771 9071 BD5D","1583487546663368","925.75","-52.5","5.7585638777227"
"E200 9366 C6B6 6BF1 9071 BDAF","1583487546666347","925.75","-54.5","5.00691329165873"
"E200 9366 C6B6 63B1 9071 BD8E","1583487546670186","925.75","-47","4.70318509565738"
"E200 9366 C6B6 5571 9071 BD55","1583487546673271","925.75","-48.5","5.49471918220637"
"E200 9366 C6B6 6C31 9071 BDB0","1583487546677698","925.75","-52.5","4.64489382571772"
"E200 9366 C6B6 7BF1 9071 BDEF","1583487546681023","925.75","-52","1.35297105491514"
"E200 9366 C6B6 7371 9071 BDCD","1583487546687402","925.75","-38.5","3.9852820869269"
"E200 9366 C6B6 6571 9071 BD95","1583487546690872","925.75","-47.5","0.110446616727766"
"E200 9366 C6B6 5A31 9071 BD68","1583487546694903","925.75","-42","4.09266074207889"
"E200 9366 C6B6 63B1 9071 BD8E","1583487546698653","925.75","-46.5","4.72772878826355"
"E200 9366 C6B6 65B1 9071 BD96","1583487546702579","925.75","-43.5","5.6082337605099"
"E200 9366 C6B6 7BB1 9071 BDEE","1583487546706051","925.75","-44.5","1.37444678594553"
"E200 9366 C6B6 5771 9071 BD5D","1583487546710188","925.75","-52.5","5.72174833881344"
"E200 9366 C6B6 5571 9071 BD55","1583487546714128","925.75","-48.5","5.44563179699403"
"E200 9366 C6B6 7571 9071 BDD5","1583487546718230","925.75","-49","4.6050103252327"
"E200 9366 C6B6 6BF1 9071 BDAF","1583487546734363","927.25","-54","4.40252486123179"
"E200 9366 C6B6 7BF1 9071 BDEF","1583487546738140","927.25","-52","0.316000042304442"
"E200 9366 C6B6 6C31 9071 BDB0","1583487546741645","927.25","-51","4.23992289771591"
"E200 9366 C6B6 5D71 9071 BD75","1583487546745455","927.25","-52.5","0.343611696486384"
"E200 9366 C6B6 55F1 9071 BD57","1583487546748927","927.25","-51","6.18501053675491"
"E200 9366 C6B6 7BB1 9071 BDEE","1583487546783980","927.25","-44.5","1.01242732000452"
"E200 9366 C6B6 7571 9071 BDD5","1583487546787909","927.25","-49","1.30388366970279"
"E200 9366 C6B6 5A31 9071 BD68","1583487546791722","927.25","-42","3.53735969686429"
"E200 9366 C6B6 6BF1 9071 BDAF","1583487546795567","927.25","-54","4.31048601395865"
"E200 9366 C6B6 65B1 9071 BD96","1583487546800390","927.25","-44","5.13269971626536"
"E200 9366 C6B6 7371 9071 BDCD","1583487546804061","927.25","-39","0.322135965455985"
"E200 9366 C6B6 6571 9071 BD95","1583487546807976","927.25","-47.5","2.50959256898091"
"E200 9366 C6B6 5571 9071 BD55","1583487546812090","927.25","-49","4.73079674983932"
"E200 9366 C6B6 63B1 9071 BD8E","1583487546815922","927.25","-47","4.20003939723089"
"E200 9366 C6B6 55F1 9071 BD57","1583487546819450","927.25","-50","6.08376780475445"
"E200 9366 C6B6 6C31 9071 BDB0","1583487546822894","927.25","-51","4.12027239626083"
"E200 9366 C6B6 7BF1 9071 BDEF","1583487546826610","927.25","-51.5","5.40268033493323"
"E200 9366 C6B6 5D71 9071 BD75","1583487546830233","927.25","-53","5.27382594875083"
"E200 9366 C6B6 5771 9071 BD5D","1583487546833632","927.25","-53","5.18485506305347"
"E200 9366 C6B6 7571 9071 BDD5","1583487546839768","927.25","-49","1.18423316824771"
"E200 9366 C6B6 5771 9071 BD5D","1583487546843160","927.25","-52.5","5.20939875565964"
"E200 9366 C6B6 55F1 9071 BD57","1583487546847014","927.25","-50","6.0684279968756"
"E200 9366 C6B6 6C31 9071 BDB0","1583487546851104","927.25","-50.5","4.05584520316964"
"E200 9366 C6B6 7371 9071 BDCD","1583487546855023","927.25","-39","0.33440781175907"
"E200 9366 C6B6 5A31 9071 BD68","1583487546858331","927.25","-42","0.303728196001357"
"E200 9366 C6B6 6571 9071 BD95","1583487546862407","927.25","-48","5.5867580294795"
"E200 9366 C6B6 7BB1 9071 BDEE","1583487546865578","927.25","-44.5","0.923456434307156"
"E200 9366 C6B6 65B1 9071 BD96","1583487546869243","927.25","-44","5.08668029262879"
"E200 9366 C6B6 63B1 9071 BD8E","1583487546872924","927.25","-47","4.23378697456437"
"E200 9366 C6B6 7BF1 9071 BDEF","1583487546876482","927.25","-52","4.66023363359658"
"E200 9366 C6B6 5571 9071 BD55","1583487546879979","927.25","-49.5","4.75227248086972"
"E200 9366 C6B6 6BF1 9071 BDAF","1583487546884416","927.25","-54.5","4.26446659032208"
"E200 9366 C6B6 5D71 9071 BD75","1583487546887933","927.25","-54","0.825281663882475"
"E200 9366 C6B6 5571 9071 BD55","1583487546934215","922.75","-49.5","0.294524311274043"
"E200 9366 C6B6 6571 9071 BD95","1583487546937898","922.75","-46","1.30081570812702"
"E200 9366 C6B6 5A31 9071 BD68","1583487546942136","922.75","-42.5","5.08361233105301"
"E200 9366 C6B6 7571 9071 BDD5","1583487546945709","922.75","-47.5","5.05906863844684"
"E200 9366 C6B6 7BF1 9071 BDEF","1583487546949881","922.75","-53.5","1.35910697806668"
"E200 9366 C6B6 7371 9071 BDCD","1583487546953790","922.75","-38","4.97930163747679"
"E200 9366 C6B6 7BB1 9071 BDEE","1583487546956984","922.75","-44.5","5.09895213893187"
"E200 9366 C6B6 63B1 9071 BD8E","1583487546960603","922.75","-46.5","5.57448618317642"
"E200 9366 C6B6 65B1 9071 BD96","1583487546963794","922.75","-42.5","0.211689348728218"
"E200 9366 C6B6 6C31 9071 BDB0","1583487546967435","922.75","-53","5.12349583153804"
"E200 9366 C6B6 6BF1 9071 BDAF","1583487546970982","922.75","-56.5","5.94877749542052"
"E200 9366 C6B6 5D71 9071 BD75","1583487546974900","922.75","-54.5","0"
"E200 9366 C6B6 55F1 9071 BD57","1583487546979117","922.75","-52","0.460194236365692"
"E200 9366 C6B6 5771 9071 BD5D","1583487546982489","922.75","-56","0.733242816609336"
"E200 9366 C6B6 7571 9071 BDD5","1583487546988107","922.75","-47.5","1.90520413855397"
"E200 9366 C6B6 7371 9071 BDCD","1583487546992330","922.75","-38","4.9885055222041"
"E200 9366 C6B6 65B1 9071 BD96","1583487546996180","922.75","-42.5","0.223961195031304"
"E200 9366 C6B6 55F1 9071 BD57","1583487546999998","922.75","-52","0.530757352608432"
"E200 9366 C6B6 6571 9071 BD95","1583487547004111","922.75","-46","4.48229186220184"
"E200 9366 C6B6 5A31 9071 BD68","1583487547007352","922.75","-42.5","5.12349583153804"
"E200 9366 C6B6 63B1 9071 BD8E","1583487547011078","922.75","-46.5","2.44823333746548"
"E200 9366 C6B6 7BB1 9071 BDEE","1583487547014596","922.75","-44","5.14190360099267"
"E200 9366 C6B6 5571 9071 BD55","1583487547018137","922.75","-49.5","0.223961195031304"
"E200 9366 C6B6 5771 9071 BD5D","1583487547021940","922.75","-56","0.736310778185108"
"E200 9366 C6B6 5D71 9071 BD75","1583487547025045","922.75","-54","1.57693224994644"
"E200 9366 C6B6 7BF1 9071 BDEF","1583487547029570","922.75","-55.5","1.48182544109753"
"E200 9366 C6B6 6C31 9071 BDB0","1583487547032897","922.75","-52.5","5.26462206402352"
"E200 9366 C6B6 6BF1 9071 BDAF","1583487547036197","922.75","-56.5","6.01320468851171"
"E200 9366 C6B6 65B1 9071 BD96","1583487547072086","922.75","-42","3.33487423286338"
"E200 9366 C6B6 7371 9071 BDCD","1583487547076107","922.75","-38","4.94555406014331"
"E200 9366 C6B6 55F1 9071 BD57","1583487547080096","922.75","-52","0.613592315154257"
"E200 9366 C6B6 5571 9071 BD55","1583487547083853","922.75","-49.5","0.245436926061703"
"E200 9366 C6B6 5A31 9071 BD68","1583487547087533","922.75","-42.5","5.04372883056799"
"E200 9366 C6B6 5771 9071 BD5D","1583487547091238","922.75","-56","0.966407896367954"
"E200 9366 C6B6 7BB1 9071 BDEE","1583487547096005","922.75","-44","1.89293229225088"
"E200 9366 C6B6 6571 9071 BD95","1583487547099682","922.75","-46","1.25172832291468"
"E200 9366 C6B6 6C31 9071 BDB0","1583487547103430","922.75","-52.5","2.17825271879761"
"E200 9366 C6B6 63B1 9071 BD8E","1583487547106933","922.75","-46.5","5.57141822160065"
"E200 9366 C6B6 7571 9071 BDD5","1583487547110482","922.75","-47.5","1.87452452279625"
"E200 9366 C6B6 5D71 9071 BD75","1583487547114106","922.75","-56","4.92407832911291"
"E200 9366 C6B6 7BF1 9071 BDEF","1583487547117468","922.75","-54.5","5.02225309953759"
"E200 9366 C6B6 6BF1 9071 BDAF","1583487547120585","922.75","-56.5","5.93343768754166"
"E200 9366 C6B6 7571 9071 BDD5","1583487547136553","927.75","-49.5","1.08912635939881"
"E200 9366 C6B6 7BF1 9071 BDEF","1583487547140639","927.75","-54.5","6.06536003529983"
"E200 9366 C6B6 5571 9071 BD55","1583487547147146","927.75","-49.5","4.62341809468732"
"E200 9366 C6B6 6C31 9071 BDB0","1583487547150664","927.75","-51","3.79200050765331"
"E200 9366 C6B6 7371 9071 BDCD","1583487547154530","927.75","-39","0.168737886667421"
"E200 9366 C6B6 65B1 9071 BD96","1583487547158566","927.75","-44.5","4.94862202171908"
"E200 9366 C6B6 63B1 9071 BD8E","1583487547161981","927.75","-47","4.06198112632118"
"E200 9366 C6B6 7BB1 9071 BDEE","1583487547165394","927.75","-45","0.840621471761331"
"E200 9366 C6B6 5A31 9071 BD68","1583487547168688","927.75","-42.5","0.174873809818963"
"E200 9366 C6B6 55F1 9071 BD57","1583487547172275","927.75","-50.5","5.79844737820772"
"E200 9366 C6B6 6571 9071 BD95","1583487547175738","927.75","-48.5","5.44256383541826"
"E200 9366 C6B6 5771 9071 BD5D","1583487547179218","927.75","-52.5","5.04066086899222"
"E200 9366 C6B6 6BF1 9071 BDAF","1583487547182814","927.75","-54.5","4.16322385832163"
"E200 9366 C6B6 5D71 9071 BD75","1583487547186306","927.75","-58.5","0.251572849213245"
"E200 9366 C6B6 7BB1 9071 BDEE","1583487547222255","927.75","-45","0.834485548609789"
"E200 9366 C6B6 65B1 9071 BD96","1583487547226139","927.75","-44.5","4.93941813699176"
"E200 9366 C6B6 7BF1 9071 BDEF","1583487547230064","927.75","-56","5.69720464620727"
"E200 9366 C6B6 55F1 9071 BD57","1583487547233730","927.75","-50.5","5.89969011020818"
"E200 9366 C6B6 63B1 9071 BD8E","1583487547237731","927.75","-47","0.9081166264283"
"E200 9366 C6B6 6571 9071 BD95","1583487547240879","927.75","-48.5","5.43949587384248"
"E200 9366 C6B6 5A31 9071 BD68","1583487547245276","927.75","-42","0.171805848243192"
"E200 9366 C6B6 7371 9071 BDCD","1583487547249318","927.75","-39","0.153398078788564"
"E200 9366 C6B6 7571 9071 BDD5","1583487547252518","927.75","-49.5","1.05231082048955"
"E200 9366 C6B6 6C31 9071 BDB0","1583487547256174","927.75","-51","3.82881604656256"
"E200 9366 C6B6 5D71 9071 BD75","1583487547260161","927.75","-56","0.156466040364335"
"E200 9366 C6B6 5571 9071 BD55","1583487547263392","927.75","-50","4.59580644050538"
"E200 9366 C6B6 6BF1 9071 BDAF","1583487547267099","927.75","-54.5","4.1662918198974"
"E200 9366 C6B6 5771 9071 BD5D","1583487547270492","927.75","-53","5.07747640790147"
"E200 9366 C6B6 65B1 9071 BD96","1583487547276542","927.75","-44.5","4.93021425226445"
"E200 9366 C6B6 7BB1 9071 BDEE","1583487547280482","927.75","-45","0.794602048124762"
"E200 9366 C6B6 7571 9071 BDD5","1583487547284003","927.75","-50","1.04003897418646"
"E200 9366 C6B6 63B1 9071 BD8E","1583487547287574","927.75","-47","0.917320511155613"
"E200 9366 C6B6 6571 9071 BD95","1583487547291762","927.75","-48.5","2.25495175819189"
"E200 9366 C6B6 5A31 9071 BD68","1583487547295570","927.75","-42.5","0.150330117212793"
"E200 9366 C6B6 7371 9071 BDCD","1583487547299072","927.75","-39","0.177941771394734"
"E200 9366 C6B6 5571 9071 BD55","1583487547302538","927.75","-50","4.62955401783887"
"E200 9366 C6B6 6C31 9071 BDB0","1583487547306741","927.75","-51.5","0.714835047154709"
"E200 9366 C6B6 55F1 9071 BD57","1583487547310826","927.75","-50.5","5.84446680184429"
"E200 9366 C6B6 6BF1 9071 BDAF","1583487547316795","927.75","-54.5","4.15095201201854"
"E200 9366 C6B6 7BF1 9071 BDEF","1583487547320216","927.75","-58.5","4.63875790256618"
"E200 9366 C6B6 5771 9071 BD5D","1583487547323607","927.75","-53","5.01918513796182"
"E200 9366 C6B6 5D71 9071 BD75","1583487547338541","922.25","-59.5","5.32598129553895"
"E200 9366 C6B6 7371 9071 BDCD","1583487547373215","922.25","-38.5","5.1173599083865"
"E200 9366 C6B6 55F1 9071 BD57","1583487547377583","922.25","-52","0.613592315154257"
"E200 9366 C6B6 65B1 9071 BD96","1583487547381406","922.25","-42.5","0.423378697456437"
"E200 9366 C6B6 5771 9071 BD5D","1583487547385181","922.25","-56.5","1.06458266679264"
"E200 9366 C6B6 5A31 9071 BD68","1583487547388840","922.25","-42.5","5.24928225614466"
"E200 9366 C6B6 7571 9071 BDD5","1583487547392511","922.25","-47.5","2.00644687055442"
"E200 9366 C6B6 7BB1 9071 BDEE","1583487547396005","922.25","-44.5","5.19405894778078"
"E200 9366 C6B6 6C31 9071 BDB0","1583487547399592","922.25","-53","5.33518518026626"
"E200 9366 C6B6 5571 9071 BD55","1583487547403309","922.25","-50","0.576776776245001"
"E200 9366 C6B6 6571 9071 BD95","1583487547406628","922.25","-46","4.67557344147543"
"E200 9366 C6B6 63B1 9071 BD8E","1583487547409818","922.25","-46.5","5.77390368560155"
"E200 9366 C6B6 6BF1 9071 BDAF","1583487547412959","922.25","-57","6.20035034463376"
"E200 9366 C6B6 6571 9071 BD95","1583487547424988","922.25","-46","4.66636955674812"
"E200 9366 C6B6 5A31 9071 BD68","1583487547429166","922.25","-42.5","5.24928225614466"
"E200 9366 C6B6 7371 9071 BDCD","1583487547432636","922.25","-38.5","5.13576767784113"
"E200 9366 C6B6 63B1 9071 BD8E","1583487547436399","922.25","-46.5","5.74935999299538"
"E200 9366 C6B6 65B1 9071 BD96","1583487547440113","922.25","-42.5","0.447922390062607"
"E200 9366 C6B6 5571 9071 BD55","1583487547444277","922.25","-50","0.595184545699629"
"E200 9366 C6B6 6C31 9071 BDB0","1583487547447414","922.25","-53","5.25848614087198"
"E200 9366 C6B6 5771 9071 BD5D","1583487547451244","922.25","-57","1.1965050145508"
"E200 9366 C6B6 7571 9071 BDD5","1583487547454855","922.25","-47.5","2.00337890897865"
"E200 9366 C6B6 7BB1 9071 BDEE","1583487547458257","922.25","-45","2.08007794837293"
"E200 9366 C6B6 55F1 9071 BD57","1583487547461364","922.25","-51.5","0.589048622548086"
"E200 9366 C6B6 6BF1 9071 BDAF","1583487547464658","922.25","-57.5","6.19728238305799"
"E200 9366 C6B6 5A31 9071 BD68","1583487547501291","922.25","-42.5","5.25541817929621"
"E200 9366 C6B6 7371 9071 BDCD","1583487547504578","922.25","-38","5.15110748571998"
"E200 9366 C6B6 6C31 9071 BDB0","1583487547508977","922.25","-53.5","5.33518518026626"
"E200 9366 C6B6 65B1 9071 BD96","1583487547512470","922.25","-42","0.457126274789921"
"E200 9366 C6B6 63B1 9071 BD8E","1583487547515649","922.25","-46.5","2.61083530098136"
"E200 9366 C6B6 5771 9071 BD5D","1583487547519322","922.25","-56.5","1.28547590024817"
"E200 9366 C6B6 7571 9071 BDD5","1583487547522548","922.25","-47.5","2.02178667843328"
"E200 9366 C6B6 7BB1 9071 BDEE","1583487547525920","922.25","-44.5","5.27382594875083"
"E200 9366 C6B6 6571 9071 BD95","1583487547529183","922.25","-46","4.74613655771817"
"E200 9366 C6B6 6BF1 9071 BDAF","1583487547543976","925.25","-55.5","5.08361233105301"
"E200 9366 C6B6 55F1 9071 BD57","1583487547547424","925.25","-51","0.141126232485479"
"E200 9366 C6B6 5571 9071 BD55","1583487547551259","925.25","-50","2.65378676304216"
"E200 9366 C6B6 63B1 9071 BD8E","1583487547556476","925.25","-46.5","4.8074957892336"
"E200 9366 C6B6 65B1 9071 BD96","1583487547560366","925.25","-43","5.76163183929847"
"E200 9366 C6B6 6571 9071 BD95","1583487547564211","925.25","-47","0.374291312244096"
"E200 9366 C6B6 5A31 9071 BD68","1583487547568041","925.25","-42","4.2092432819582"
"E200 9366 C6B6 7BB1 9071 BDEE","1583487547571800","925.25","-45","1.50023321055216"
"E200 9366 C6B6 7371 9071 BDCD","1583487547575093","925.25","-38.5","1.01549528158029"
"E200 9366 C6B6 5571 9071 BD55","1583487547578617","925.25","-50","5.79844737820772"
"E200 9366 C6B6 7571 9071 BDD5","1583487547582174","925.25","-48.5","1.40819436327902"
"E200 9366 C6B6 6BF1 9071 BDAF","1583487547585985","925.25","-55","5.09281621578033"
"E200 9366 C6B6 6C31 9071 BDB0","1583487547589314","925.25","-52","4.62955401783887"
"E200 9366 C6B6 55F1 9071 BD57","1583487547593177","925.25","-51","0.150330117212793"
"E200 9366 C6B6 5771 9071 BD5D","1583487547596601","925.25","-54","0.104310693576224"
"E200 9366 C6B6 5771 9071 BD5D","1583487547632108","925.25","-54","0.0368155389092554"
"E200 9366 C6B6 5A31 9071 BD68","1583487547636168","925.25","-42","4.20003939723089"
"E200 9366 C6B6 7BB1 9071 BDEE","1583487547640280","925.25","-45","1.54011671103718"
"E200 9366 C6B6 55F1 9071 BD57","1583487547643963","925.25","-51","0.128854386182394"
"E200 9366 C6B6 7371 9071 BDCD","1583487547647586","925.25","-38.5","1.01856324315607"
"E200 9366 C6B6 65B1 9071 BD96","1583487547651066","925.25","-43","5.77390368560155"
"E200 9366 C6B6 6571 9071 BD95","1583487547654862","925.25","-47","0.365087427516783"
"E200 9366 C6B6 5571 9071 BD55","1583487547658262","925.25","-49.5","5.82912699396544"
"E200 9366 C6B6 63B1 9071 BD8E","1583487547661687","925.25","-46.5","4.82590355868823"
"E200 9366 C6B6 7571 9071 BDD5","1583487547665221","925.25","-48.5","1.38365067067285"
"E200 9366 C6B6 6C31 9071 BDB0","1583487547668531","925.25","-52","4.66330159517235"
"E200 9366 C6B6 6BF1 9071 BDAF","1583487547671849","925.25","-55","5.12656379311381"
"E200 9366 C6B6 7BB1 9071 BDEE","1583487547677365","925.25","-44.5","1.55238855734027"
"E200 9366 C6B6 5771 9071 BD5D","1583487547681339","925.25","-54","0.101242732000452"
"E200 9366 C6B6 65B1 9071 BD96","1583487547685189","925.25","-43","5.75242795457115"
"E200 9366 C6B6 7371 9071 BDCD","1583487547689027","925.25","-38.5","4.18163162777626"
"E200 9366 C6B6 5A31 9071 BD68","1583487547693145","925.25","-42","4.22151512826128"
"E200 9366 C6B6 55F1 9071 BD57","1583487547696605","925.25","-51","0.0828349625458246"
"E200 9366 C6B6 63B1 9071 BD8E","1583487547700403","925.25","-46.5","4.80442782765783"
"E200 9366 C6B6 6571 9071 BD95","1583487547703548","925.25","-47","0.355883542789469"
"E200 9366 C6B6 7571 9071 BDD5","1583487547707264","925.25","-48.5","1.41739824800633"
"E200 9366 C6B6 5571 9071 BD55","1583487547710479","925.25","-49.5","5.86901049445046"
"E200 9366 C6B6 6C31 9071 BDB0","1583487547713518","925.25","-52","1.53091282630987"
"E200 9366 C6B6 6BF1 9071 BDAF","1583487547716634","925.25","-55","5.08361233105301"
"E200 9366 C6B6 55F1 9071 BD57","1583487547752534","923.75","-51.5","0.355883542789469"
"E200 9366 C6B6 6C31 9071 BDB0","1583487547757520","923.75","-52.5","5.0744084463257"
"E200 9366 C6B6 7371 9071 BDCD","1583487547761366","923.75","-38","1.51250505685524"
"E200 9366 C6B6 65B1 9071 BD96","1583487547766175","923.75","-42","6.17887461360336"
"E200 9366 C6B6 7BB1 9071 BDEE","1583487547769823","923.75","-44.5","1.88986433067511"
"E200 9366 C6B6 6571 9071 BD95","1583487547773156","923.75","-46.5","4.15708793517009"
"E200 9366 C6B6 5A31 9071 BD68","1583487547777026","923.75","-42","4.721592865112"
"E200 9366 C6B6 5571 9071 BD55","1583487547780435","923.75","-49.5","0.196349540849362"
"E200 9366 C6B6 7571 9071 BDD5","1583487547784977","923.75","-48","1.7088545977046"
"E200 9366 C6B6 63B1 9071 BD8E","1583487547788391","923.75","-46.5","5.26769002559929"
"E200 9366 C6B6 5771 9071 BD5D","1583487547791449","923.75","-54","0.770058355518592"
"E200 9366 C6B6 6BF1 9071 BDAF","1583487547794564","923.75","-56","5.72174833881344"
"E200 9366 C6B6 65B1 9071 BD96","1583487547800492","923.75","-42.5","6.19421442148222"
"E200 9366 C6B6 6571 9071 BD95","1583487547804733","923.75","-46.5","4.13868016571546"
"E200 9366 C6B6 63B1 9071 BD8E","1583487547808134","923.75","-46.5","5.29223371820546"
"E200 9366 C6B6 7571 9071 BDD5","1583487547811825","923.75","-48","1.71192255928038"
"E200 9366 C6B6 5A31 9071 BD68","1583487547815697","923.75","-42","4.74613655771817"
"E200 9366 C6B6 7371 9071 BDCD","1583487547819197","923.75","-38","4.66330159517235"
"E200 9366 C6B6 7BB1 9071 BDEE","1583487547822387","923.75","-44.5","1.88679636909934"
"E200 9366 C6B6 5771 9071 BD5D","1583487547825693","923.75","-54","0.760854470791278"
"E200 9366 C6B6 5571 9071 BD55","1583487547829242","923.75","-49.5","0.202485464000905"
"E200 9366 C6B6 55F1 9071 BD57","1583487547832895","923.75","-51.5","0.362019465941011"
"E200 9366 C6B6 6C31 9071 BDB0","1583487547836364","923.75","-52.5","5.04986475371953"
"E200 9366 C6B6 6BF1 9071 BDAF","1583487547839667","923.75","-56","5.7585638777227"
"E200 9366 C6B6 5A31 9071 BD68","1583487547875270","923.75","-42","1.61374778885569"
"E200 9366 C6B6 7571 9071 BDD5","1583487547879754","923.75","-48","1.69351478982575"
"E200 9366 C6B6 6C31 9071 BDB0","1583487547883408","923.75","-52.5","5.04986475371953"
"E200 9366 C6B6 55F1 9071 BD57","1583487547887522","923.75","-51.5","0.319068003880213"
"E200 9366 C6B6 6BF1 9071 BDAF","1583487547890980","923.75","-56","5.7156124156619"
"E200 9366 C6B6 7BB1 9071 BDEE","1583487547894752","923.75","-44.5","1.87759248437202"
"E200 9366 C6B6 63B1 9071 BD8E","1583487547898367","923.75","-46.5","5.27689391032661"
"E200 9366 C6B6 7371 9071 BDCD","1583487547901683","923.75","-38","4.64796178729349"
"E200 9366 C6B6 65B1 9071 BD96","1583487547904976","923.75","-42","6.16353480572451"
"E200 9366 C6B6 6571 9071 BD95","1583487547908542","923.75","-46","0.975611781095268"
"E200 9366 C6B6 5571 9071 BD55","1583487547912220","923.75","-49.5","0.199417502425133"
"E200 9366 C6B6 5771 9071 BD5D","1583487547915484","923.75","-54","0.739378739760879"
"E200 9366 C6B6 63B1 9071 BD8E","1583487547921410","923.75","-46.5","5.24007837141735"
"E200 9366 C6B6 6571 9071 BD95","1583487547924855","923.75","-46.5","0.975611781095268"
"E200 9366 C6B6 7571 9071 BDD5","1583487547928729","923.75","-48","1.65363128934072"
"E200 9366 C6B6 55F1 9071 BD57","1583487547932396","923.75","-52","0.33440781175907"
"E200 9366 C6B6 7371 9071 BDCD","1583487547936247","923.75","-38","4.64489382571772"
"E200 9366 C6B6 5A31 9071 BD68","1583487547939972","923.75","-42","4.76147636559703"
"E200 9366 C6B6 65B1 9071 BD96","1583487547954849","923.25","-42","0.0705631162427395"
"E200 9366 C6B6 7BB1 9071 BDEE","1583487547958239","923.25","-44","1.96349540849362"
"E200 9366 C6B6 5771 9071 BD5D","1583487547961815","923.25","-54","0.938796242186012"
"E200 9366 C6B6 5571 9071 BD55","1583487547965047","923.25","-49.5","3.5036121195308"
"E200 9366 C6B6 6C31 9071 BDB0","1583487547968546","923.25","-52.5","5.18485506305347"
"E200 9366 C6B6 6BF1 9071 BDAF","1583487547972016","923.25","-56","5.93036972596589"
"E200 9366 C6B6 63B1 9071 BD8E","1583487548007412","923.25","-46.5","2.25495175819189"
"E200 9366 C6B6 65B1 9071 BD96","1583487548011120","923.25","-42","0.0337475773334841"
"E200 9366 C6B6 5571 9071 BD55","1583487548015951","923.25","-49.5","0.362019465941011"
"E200 9366 C6B6 6571 9071 BD95","1583487548020163","923.25","-46","4.29821416765557"
"E200 9366 C6B6 7371 9071 BDCD","1583487548024010","923.25","-38","4.79522394293051"
"E200 9366 C6B6 5A31 9071 BD68","1583487548027730","923.25","-42","4.93635017541599"
"E200 9366 C6B6 7BB1 9071 BDEE","1583487548031423","923.25","-44","1.98190317794825"
"E200 9366 C6B6 55F1 9071 BD57","1583487548035193","923.25","-52","0.417242774304894"
"E200 9366 C6B6 6BF1 9071 BDAF","1583487548038470","923.25","-56","5.85367068657161"
"E200 9366 C6B6 7571 9071 BDD5","1583487548042380","923.25","-47.5","1.7947575218262"
"E200 9366 C6B6 6C31 9071 BDB0","1583487548045500","923.25","-52.5","5.14497156256844"
"E200 9366 C6B6 5771 9071 BD5D","1583487548048764","923.25","-54","0.914252549579842"
"E200 9366 C6B6 6571 9071 BD95","1583487548054396","923.25","-46","1.1320778214596"
"E200 9366 C6B6 65B1 9071 BD96","1583487548058592","923.25","-42","0.0245436926061703"
"E200 9366 C6B6 7BB1 9071 BDEE","1583487548062552","923.25","-44","1.94508763903899"
"E200 9366 C6B6 7571 9071 BDD5","1583487548066035","923.25","-47.5","1.7947575218262"
"E200 9366 C6B6 7371 9071 BDCD","1583487548069920","923.25","-38","1.68737886667421"
"E200 9366 C6B6 5771 9071 BD5D","1583487548073607","923.25","-54","0.874369049094816"
"E200 9366 C6B6 5A31 9071 BD68","1583487548076907","923.25","-42","4.92407832911291"
"E200 9366 C6B6 63B1 9071 BD8E","1583487548080145","923.25","-46.5","2.23347602716149"
"E200 9366 C6B6 5571 9071 BD55","1583487548085104","923.25","-49.5","0.38349519697141"
"E200 9366 C6B6 6BF1 9071 BDAF","1583487548089770","923.25","-56","5.9395736106932"
"E200 9366 C6B6 55F1 9071 BD57","1583487548093679","923.25","-52","0.395767043274495"
"E200 9366 C6B6 6C31 9071 BDB0","1583487548097176","923.25","-52.5","5.15417544729575"
"E200 9366 C6B6 63B1 9071 BD8E","1583487548132855","923.25","-46.5","5.34438906499357"
"E200 9366 C6B6 6571 9071 BD95","1583487548137126","923.25","-46","1.10139820570189"
"E200 9366 C6B6 5571 9071 BD55","1583487548140879","923.25","-49.5","0.343611696486384"
"E200 9366 C6B6 7571 9071 BDD5","1583487548154973","924.25","-48","4.71238898038469"
"E200 9366 C6B6 7371 9071 BDCD","1583487548158894","924.25","-38","4.4546802080199"
"E200 9366 C6B6 65B1 9071 BD96","1583487548162188","924.25","-42.5","5.96411730329937"
"E200 9366 C6B6 5A31 9071 BD68","1583487548166037","924.25","-42","4.53751517056573"
"E200 9366 C6B6 55F1 9071 BD57","1583487548169761","924.25","-51.5","0.303728196001357"
"E200 9366 C6B6 7BB1 9071 BDEE","1583487548173112","924.25","-44","1.69658275140152"
"E200 9366 C6B6 6C31 9071 BDB0","1583487548177319","924.25","-52","4.8719229823248"
"E200 9366 C6B6 5771 9071 BD5D","1583487548180693","924.25","-53.5","0.45405831321415"
"E200 9366 C6B6 6BF1 9071 BDAF","1583487548183815","924.25","-55","5.44563179699403"
"E200 9366 C6B6 7571 9071 BDD5","1583487548189156","924.25","-48","1.5493205957645"
"E200 9366 C6B6 7371 9071 BDCD","1583487548193462","924.25","-38","4.47002001589876"
"E200 9366 C6B6 7BB1 9071 BDEE","1583487548197408","924.25","-44","1.73339829031077"
"E200 9366 C6B6 63B1 9071 BD8E","1583487548201257","924.25","-46.5","5.06213660002262"
"E200 9366 C6B6 5A31 9071 BD68","1583487548205609","924.25","-42","4.56819478632344"
"E200 9366 C6B6 65B1 9071 BD96","1583487548209452","924.25","-42.5","5.98559303432977"
"E200 9366 C6B6 6571 9071 BD95","1583487548213242","924.25","-46.5","0.705631162427395"
"E200 9366 C6B6 6BF1 9071 BDAF","1583487548217005","924.25","-55.5","5.46097160487288"
"E200 9366 C6B6 5771 9071 BD5D","1583487548220910","924.25","-53.5","0.441786466911065"
"E200 9366 C6B6 55F1 9071 BD57","1583487548224219","924.25","-52","0.288388388122501"
"E200 9366 C6B6 5571 9071 BD55","1583487548227952","924.25","-49.5","6.2494377298461"
"E200 9366 C6B6 6C31 9071 BDB0","1583487548231087","924.25","-52","4.78908801977897"
"E200 9366 C6B6 65B1 9071 BD96","1583487548266910","924.25","-42.5","5.97025322645092"
"E200 9366 C6B6 5A31 9071 BD68","1583487548270975","924.25","-42","4.53444720898996"
"E200 9366 C6B6 7571 9071 BDD5","1583487548274917","924.25","-48","4.68170936462698"
"E200 9366 C6B6 55F1 9071 BD57","1583487548278609","924.25","-52","0.260776733940559"
"E200 9366 C6B6 7371 9071 BDCD","1583487548282633","924.25","-38","4.4546802080199"
"E200 9366 C6B6 6571 9071 BD95","1583487548285911","924.25","-46.5","3.83801993128987"
"E200 9366 C6B6 7BB1 9071 BDEE","1583487548289667","924.25","-44","1.7088545977046"
"E200 9366 C6B6 63B1 9071 BD8E","1583487548293200","924.25","-46.5","5.07134048474993"
"E200 9366 C6B6 6C31 9071 BDB0","1583487548296730","924.25","-52","1.76100994449272"
"E200 9366 C6B6 5571 9071 BD55","1583487548300243","924.25","-49.5","6.26170957614919"
"E200 9366 C6B6 5771 9071 BD5D","1583487548304216","924.25","-53.5","0.463262197941464"
"E200 9366 C6B6 6BF1 9071 BDAF","1583487548307250","924.25","-55.5","5.4916512206306"
"E200 9366 C6B6 63B1 9071 BD8E","1583487548312992","924.25","-46.5","5.0529327152953"
"E200 9366 C6B6 7BB1 9071 BDEE","1583487548316642","924.25","-44","1.72419440558346"
"E200 9366 C6B6 7371 9071 BDCD","1583487548321140","924.25","-38","4.46388409274722"
"E200 9366 C6B6 6571 9071 BD95","1583487548324596","924.25","-46.5","0.674951546669682"
"E200 9366 C6B6 5A31 9071 BD68","1583487548329013","924.25","-42","4.55592294002035"
"E200 9366 C6B6 65B1 9071 BD96","1583487548332670","924.25","-42.5","5.95798138014783"
"E200 9366 C6B6 7571 9071 BDD5","1583487548336556","924.25","-48","4.71238898038469"
"E200 9366 C6B6 5571 9071 BD55","1583487548339579","924.25","-49.5","6.27704938402804"
"E200 9366 C6B6 6C31 9071 BDB0","1583487548343309","924.25","-52","4.91794240596137"
"E200 9366 C6B6 55F1 9071 BD57","1583487548359967","926.25","-51","6.16353480572451"
"E200 9366 C6B6 5771 9071 BD5D","1583487548363343","926.25","-52.5","5.87821437917778"
"E200 9366 C6B6 6BF1 9071 BDAF","1583487548366457","926.25","-54.5","4.77988413505166"
"E200 9366 C6B6 7BB1 9071 BDEE","1583487548401460","926.25","-44","1.25172832291468"
"E200 9366 C6B6 7371 9071 BDCD","1583487548405958","926.25","-38.5","3.79506846922908"
"E200 9366 C6B6 5771 9071 BD5D","1583487548409316","926.25","-52","5.90889399493549"
"E200 9366 C6B6 65B1 9071 BD96","1583487548412990","926.25","-43","5.33518518026626"
"E200 9366 C6B6 7571 9071 BDD5","1583487548416866","926.25","-49","1.23638851503583"
"E200 9366 C6B6 5571 9071 BD55","1583487548421145","926.25","-49","5.4272240275394"
"E200 9366 C6B6 5A31 9071 BD68","1583487548424874","926.25","-42","3.82881604656256"
"E200 9366 C6B6 63B1 9071 BD8E","1583487548428280","926.25","-46.5","1.34683513176359"
"E200 9366 C6B6 6BF1 9071 BDAF","1583487548431740","926.25","-54.5","4.75227248086972"
"E200 9366 C6B6 6571 9071 BD95","1583487548435193","926.25","-47.5","6.09297168948177"
"E200 9366 C6B6 6C31 9071 BDB0","1583487548438462","926.25","-51.5","4.37184524547408"
"E200 9366 C6B6 55F1 9071 BD57","1583487548441761","926.25","-51","6.17580665202759"
"E200 9366 C6B6 5A31 9071 BD68","1583487548447702","926.25","-42","3.84415585444142"
"E200 9366 C6B6 65B1 9071 BD96","1583487548451573","926.25","-43","5.3198453723874"
"E200 9366 C6B6 7571 9071 BDD5","1583487548455531","926.25","-49","1.23332055346006"
"E200 9366 C6B6 7BB1 9071 BDEE","1583487548459086","926.25","-44","1.25786424606623"
"E200 9366 C6B6 7371 9071 BDCD","1583487548462741","926.25","-38.5","0.638136007760427"
"E200 9366 C6B6 6571 9071 BD95","1583487548466530","926.25","-47.5","6.10524353578485"
"E200 9366 C6B6 55F1 9071 BD57","1583487548470791","926.25","-51","6.16353480572451"
"E200 9366 C6B6 63B1 9071 BD8E","1583487548474577","926.25","-46.5","4.4332044769895"
"E200 9366 C6B6 5771 9071 BD5D","1583487548478921","926.25","-52","5.88128234075355"
"E200 9366 C6B6 5571 9071 BD55","1583487548482169","926.25","-49","5.46710752802443"
"E200 9366 C6B6 6C31 9071 BDB0","1583487548485316","926.25","-51.5","4.31968989868597"
"E200 9366 C6B6 6BF1 9071 BDAF","1583487548488616","926.25","-55","4.80135986608206"
"E200 9366 C6B6 5A31 9071 BD68","1583487548525706","926.25","-42","3.81654420025948"
"E200 9366 C6B6 55F1 9071 BD57","1583487548530120","926.25","-51","6.19114645990645"
"E200 9366 C6B6 7BB1 9071 BDEE","1583487548533288","926.25","-44","1.25786424606623"
"E200 9366 C6B6 7571 9071 BDD5","1583487548536883","926.25","-49","1.22718463030851"
"E200 9366 C6B6 7371 9071 BDCD","1583487548540173","926.25","-38.5","0.635068046184655"
"E200 9366 C6B6 65B1 9071 BD96","1583487548543759","926.25","-43","5.33211721869049"
"E200 9366 C6B6 6C31 9071 BDB0","1583487548547580","926.25","-51.5","4.34423359129214"
"E200 9366 C6B6 63B1 9071 BD8E","1583487548562536","926.75","-47","1.17809724509617"
"E200 9366 C6B6 6571 9071 BD95","1583487548566204","926.75","-47.5","5.89355418705663"
"E200 9366 C6B6 5771 9071 BD5D","1583487548569861","926.75","-52","5.6297094915403"
"E200 9366 C6B6 5571 9071 BD55","1583487548573080","926.75","-49","2.10155367940333"
"E200 9366 C6B6 6BF1 9071 BDAF","1583487548576197","926.75","-54.5","4.55899090159613"
"E200 9366 C6B6 5771 9071 BD5D","1583487548581214","926.75","-52","5.64198133784339"
"E200 9366 C6B6 7371 9071 BDCD","1583487548585612","926.75","-38.5","0.487805890547634"
"E200 9366 C6B6 7BB1 9071 BDEE","1583487548589537","926.75","-44.5","1.15048559091423"
"E200 9366 C6B6 7571 9071 BDD5","1583487548592870","926.75","-49","1.16582539879309"
"E200 9366 C6B6 5A31 9071 BD68","1583487548596899","926.75","-42","3.68155389092554"
"E200 9366 C6B6 6C31 9071 BDB0","1583487548600936","926.75","-51.5","1.07685451309572"
"E200 9366 C6B6 6571 9071 BD95","1583487548604792","926.75","-47.5","5.90275807178395"
"E200 9366 C6B6 65B1 9071 BD96","1583487548608657","926.75","-43.5","5.1817871014777"
"E200 9366 C6B6 63B1 9071 BD8E","1583487548612354","926.75","-46.5","1.18116520667194"
"E200 9366 C6B6 6BF1 9071 BDAF","1583487548615990","926.75","-54.5","4.55899090159613"
"E200 9366 C6B6 5571 9071 BD55","1583487548619394","926.75","-49","5.28609779505392"
"E200 9366 C6B6 55F1 9071 BD57","1583487548622538","926.75","-50.5","6.0684279968756"
"E200 9366 C6B6 63B1 9071 BD8E","1583487548658382","926.75","-47","4.34116562971636"
"E200 9366 C6B6 5771 9071 BD5D","1583487548662207","926.75","-52","5.64198133784339"
"E200 9366 C6B6 65B1 9071 BD96","1583487548666083","926.75","-43.5","5.18485506305347"
"E200 9366 C6B6 55F1 9071 BD57","1583487548669958","926.75","-51","6.09603965105754"
"E200 9366 C6B6 5A31 9071 BD68","1583487548673848","926.75","-42","3.6539422367436"
"E200 9366 C6B6 7371 9071 BDCD","1583487548677340","926.75","-38.5","0.481669967396091"
"E200 9366 C6B6 7BB1 9071 BDEE","1583487548680861","926.75","-44.5","1.15355355249"
"E200 9366 C6B6 7571 9071 BDD5","1583487548684699","926.75","-49.5","1.12287393673229"
"E200 9366 C6B6 5571 9071 BD55","1583487548687915","926.75","-49","5.27382594875083"
"E200 9366 C6B6 6571 9071 BD95","1583487548691624","926.75","-47.5","5.89969011020818"
"E200 9366 C6B6 6C31 9071 BDB0","1583487548695100","926.75","-51","1.09219432097458"
"E200 9366 C6B6 6BF1 9071 BDAF","1583487548698376","926.75","-54.5","4.54671905529304"
"E200 9366 C6B6 5571 9071 BD55","1583487548703909","926.75","-49.5","5.26155410244775"
"E200 9366 C6B6 63B1 9071 BD8E","1583487548708832","926.75","-47","1.20570889927811"
"E200 9366 C6B6 6C31 9071 BDB0","1583487548712173","926.75","-51.5","4.20310735880666"
"E200 9366 C6B6 7371 9071 BDCD","1583487548716002","926.75","-38.5","3.62326262098588"
"E200 9366 C6B6 65B1 9071 BD96","1583487548719815","926.75","-43.5","5.18485506305347"
"E200 9366 C6B6 7BB1 9071 BDEE","1583487548723757","926.75","-44.5","1.17196132194463"
"E200 9366 C6B6 6571 9071 BD95","1583487548726884","926.75","-47.5","5.93343768754166"
"E200 9366 C6B6 5A31 9071 BD68","1583487548731230","926.75","-42","3.66928204462245"
"E200 9366 C6B6 5771 9071 BD5D","1583487548734942","926.75","-52","5.64198133784339"
"E200 9366 C6B6 6BF1 9071 BDAF","1583487548738248","926.75","-54.5","4.56512682474767"
"E200 9366 C6B6 7571 9071 BDD5","1583487548741906","926.75","-49","1.14434966776269"
"E200 9366 C6B6 55F1 9071 BD57","1583487548745400","926.75","-50.5","6.05308818899674"
"E200 9366 C6B6 6BF1 9071 BDAF","1583487548781103","924.75","-55","5.26769002559929"
"E200 9366 C6B6 65B1 9071 BD96","1583487548785910","924.75","-42.5","5.79844737820772"
"E200 9366 C6B6 5771 9071 BD5D","1583487548789302","924.75","-53","0.248504887637474"
"E200 9366 C6B6 55F1 9071 BD57","1583487548792975","924.75","-51.5","0.227029156607075"
"E200 9366 C6B6 7371 9071 BDCD","1583487548796809","924.75","-38","4.30741805238288"
"E200 9366 C6B6 63B1 9071 BD8E","1583487548800520","924.75","-46.5","4.92714629068868"
"E200 9366 C6B6 7571 9071 BDD5","1583487548804332","924.75","-48.5","1.4848934026733"
"E200 9366 C6B6 5A31 9071 BD68","1583487548807455","924.75","-42","4.3902530149287"
"E200 9366 C6B6 7BB1 9071 BDEE","1583487548811234","924.75","-44","1.61067982727992"
"E200 9366 C6B6 5571 9071 BD55","1583487548814781","924.75","-49","6.05615615057251"
"E200 9366 C6B6 6571 9071 BD95","1583487548818091","924.75","-47","0.484737928971863"
"E200 9366 C6B6 6C31 9071 BDB0","1583487548821365","924.75","-52","4.8074957892336"
"E200 9366 C6B6 55F1 9071 BD57","1583487548827035","924.75","-51.5","0.202485464000905"
"E200 9366 C6B6 6C31 9071 BDB0","1583487548831176","924.75","-52","4.74000063456663"
"E200 9366 C6B6 63B1 9071 BD8E","1583487548835390","924.75","-46.5","1.72419440558346"
"E200 9366 C6B6 5571 9071 BD55","1583487548838856","924.75","-49","6.03774838111788"
"E200 9366 C6B6 5A31 9071 BD68","1583487548842789","924.75","-42","4.36264136074676"
"E200 9366 C6B6 6571 9071 BD95","1583487548846035","924.75","-46.5","0.512349583153804"
"E200 9366 C6B6 65B1 9071 BD96","1583487548849859","924.75","-42.5","5.79231145505618"
"E200 9366 C6B6 7BB1 9071 BDEE","1583487548853519","924.75","-44","4.75227248086972"
"E200 9366 C6B6 7371 9071 BDCD","1583487548856815","924.75","-38","4.28901028292825"
"E200 9366 C6B6 7571 9071 BDD5","1583487548860107","924.75","-48.5","1.48796136424907"
"E200 9366 C6B6 5771 9071 BD5D","1583487548863322","924.75","-53","0.282252464970958"
"E200 9366 C6B6 6BF1 9071 BDAF","1583487548866461","924.75","-55","5.3198453723874"
"E200 9366 C6B6 63B1 9071 BD8E","1583487548903111","924.75","-46.5","4.93328221384022"
"E200 9366 C6B6 7BB1 9071 BDEE","1583487548906376","924.75","-44","1.60454390412838"
"E200 9366 C6B6 5571 9071 BD55","1583487548910185","924.75","-49","6.05922411214828"
"E200 9366 C6B6 5771 9071 BD5D","1583487548913887","924.75","-53","0.242368964485931"
"E200 9366 C6B6 65B1 9071 BD96","1583487548917382","924.75","-42.5","5.81071922451081"
"E200 9366 C6B6 55F1 9071 BD57","1583487548921161","924.75","-51.5","0.202485464000905"
"E200 9366 C6B6 7371 9071 BDCD","1583487548924634","924.75","-38","4.30741805238288"
"E200 9366 C6B6 5A31 9071 BD68","1583487548928214","924.75","-42","4.36264136074676"
"E200 9366 C6B6 6571 9071 BD95","1583487548931970","924.75","-46.5","0.515417544729575"
"E200 9366 C6B6 6C31 9071 BDB0","1583487548935749","924.75","-52","4.79829190450629"
"E200 9366 C6B6 7571 9071 BDD5","1583487548939134","924.75","-48","1.47568951794599"
"E200 9366 C6B6 6BF1 9071 BDAF","1583487548942241","924.75","-55","5.32598129553895"
"E200 9366 C6B6 63B1 9071 BD8E","1583487548948298","924.75","-46.5","1.7947575218262"
"E200 9366 C6B6 6C31 9071 BDB0","1583487548952015","924.75","-52","4.81669967396091"
"E200 9366 C6B6 6571 9071 BD95","1583487548955858","924.75","-46.5","3.6324665057132"
"E200 9366 C6B6 5571 9071 BD55","1583487548959601","924.75","-49","6.05308818899674"
"E200 9366 C6B6 7371 9071 BDCD","1583487548963470","924.75","-38","4.31048601395865"
"E200 9366 C6B6 5A31 9071 BD68","1583487548966743","924.75","-42","4.38411709177716"
